198365
247457
216903
243082
253438
234641
216764
216336
188750
178916
243110
245111
249104
248944
219828
193358
178983
180396
192034
214467
201264
271391
264326
316886
324700
291430
297501
287736
251786
227213
202813
200400
224632
245328
282253
306608
290501
340153
334562
285386
282980
229146
241709
197600
228399
217357
283686
287911
339046
351815
317333
321433
308258
272265
231234
231452
221784
274936
289440
337699
357014
330299
343865
327532
289960
256948
237770
230567
277275
295188
288045
366008
339711
356379
339149
301839
330014
266071
243696
239014
310373
303786
381913
354909
389149
347022
336957
270123
271383
257938
262100
296261
329505
364861
375984
402801
347429
342145
258825
277675
276887
307517
333562
375936
407932
389977
398242
376619
341174
293383
297267
296264
364841
369936
429465
431838
407550
378186
355085
313228
280671
356462
346353
382423
410120
448498
445479
393586
312547
324056
323978
355680
384646
432385
466223
426381
432200
356561
364636
312312
378286
370090
459429
439535
461921
436047
424542
337586
353805
370771
400400
443445
482661
495231
440447
433346
366545
365664
407400
435161
432316
483599
468240
509918
510427
483197
444003
413744
385195
378636
423345
452513
503592
503560
520579
448145
454028
385343
433274
426320
512710
482288
485853
538335
517219
534979
503439
495770
399311
435594
459555
506180
536131
569222
546046
503520
440312
465196
460311
548973
539337
582869
539111
529232
431240
466183
490018
539610
567717
598598
572526
529632
461644
502079
496936
595847
579737
618045
557539
554152
465099
516974
547299
612264
599934
633286
565883
515566
489179
575304
583682
643497
608237
613899
521457
563403
497349
539144
538340
629562
624585
647870
605133
598382
520903
548852
550157
576815
616254
681449
671340
639266
547967
564146
589436
649009
669681
687082
588106
586542
558332
645648
664695
696004
665981
568932
598060
628633
700755
694236
704139
646255
606171
614748
688246
736208
737507
682658
603844
665138
661940
766404
723110
648201
635133
639752
720985
731785
754496
691783
649187
659243
733325
783179
767939
710688
636786
722080
733818
789688
752979
710810
696055
703812
820312
786697
731288
692072
716055
781173
796044
810242
734292
719977
756522
816613
846692
793083
735368
736198
816329
865966
788492
772787
771961
822330
870244
834740
810700
768753
831205
896946
864001
790670
772451
841072
908793
883681
808737
782670
870314
921156
895743
823286
793844
881611
932539
846281
828582
854771
898037
949578
854987
839006
893311
927047
941717
857823
855351
922840
931336
986381
948932
908206
903520
959576
985282
891246
899747
1000058
998307
926135
915647
962472
1052183
1000201
900257
966569
1040870
1031613
991530
937568
1026671
1063959
987028
957582
1007655
1047064
1039304
961710
990829
1102705
1052762
976383
1024794
1055248
1118079
1070636
990791
1023181
1039749
1144925
1104699
1060732
1027531
1047867
1131710
1140251
1067139
1057709
1109474
1196793
1146857
1071296
1090810
1110355
1218711
1177321
1076399
1145667
1223491
1165337
1123442
1136067
1205024
1246452
1144849
1146937
1263847
1236976
1135235
1202099
1260172
1204820
1176213
1269958
1275045
1173051
1228819
1308408
1241213
1207322
1301883
1309871
1209945
1270279
1351256
1263351
1252520
1372402
1345735
1249297
1325320
1389264
1282818
1320045
1428642
1364889
1311021
1392650
1366888
1336322
1421940
1407792
1346207
1434182
1440623
1340516
1415457
1470493
1376680
1401984
1491636
1408754
1451928
1497019
1394734
1461283
1531625
1435016
1521280
1472811
1459084
1439992
1452121
1448030
1450060
1458954
1443915
1468292
1468022
1458584
1522881
1487547
1470557
1475711
1461802
1488646
1509585
1493703
1494548
1478057
1493211
1475590
1498103
1489314
1571809
1533357
1490364
1499410
1508766
1510754
1495922
1581376
1549943
1503250
1501833
1542667
1536815
1589291
1521585
1528527
1529599
1553151
1508361
1545734
1544105
1531359
1519750
1542995
1527039
1607290
1570445
1533826
1547230
1544929
1553951
1539183
1615245
1594018
1550635
1552783
1594685
1588410
1600870
1612421
1592693
1583933
1607943
1571642
1606705
1597211
1595705
1586579
1605528
1598161
1670188
1645617
1601406
1599122
1639493
1636932
1681066
1619055
1633661
1626893
1636511
1614120
1646974
1639066
1635977
1628354
1642961
1655216
1673201
1665414
1649497
1663002
1637074
1659683
1644825
1660527
1655003
1665735
1653782
1727470
1702767
1663281
1673639
1683308
1695905
1703059
1690507
1686904
1702165
1733558
1718339
1712242
1715402
1736634
1705749
1726459
1712421
1728169
1723557
1741380
1783032
1714692
1731961
1743011
1736560
1801394
1773696
1735591
1750436
1727648
1756010
1756264
1752823
1739153
1759866
1744689
1777198
1772217
1770648
1792864
1776010
1799173
1762242
1759157
1787381
1787747
1791774
1780018
1767517
1788672
1775399
1837361
1819118
1803713
1816099
1790251
1816181
1808557
1825257
1842881
1844931
1880697
1816895
1818256
1837952
1844778
1855519
1847946
1846099
1869947
1858784
1881014
1841668
1846144
1833494
1856715
1847926
1856292
1872698
1879490
1862309
1870776
1866863
1878590
1923829
1865958
1875730
1884754
1864201
1932845
1888911
1886711
1911988
1936483
1923946
1885034
1890965
1894008
1916427
1899793
1911580
1940713
1943006
1969264
1918724
1929165
1946448
2012494
1927678
1930911
1949177
1976534
1939747
1947649
1958638
1960580
1965664
1962522
1970573
1974224
2023382
1996778
1971550
1997519
2016200
2010166
1970825
1970122
1962702
1986360
1977777
1973784
1969591
1992190
1984150
1982910
1991407
1998818
1992012
1991634
2003560
2005473
1999371
2012367
2014257
2026274
2015151
2033232
2036983
2047916
2035875
2045000
2060764
2055645
2046947
2055351
2066052
2071815
2061882
2077567
2093351
2097658
2110210
2085758
2099139
2101201
2089701
2090401
2106109
2106040
2083848
2098579
2098129
2103956
2089419
2096438
2102136
2098100
2093010
2090627
2105920
2113362
2100787
2116067
2125334
2117688
2107574
2109837
2105970
2121588
2113716
2125351
2131077
2140211
2132552
2143900
2149696
2159286
2146538
2162029
2166819
2173063
2159989
2164488
2156843
2170929
2165690
2163663
2173627
2195914
2173203
2181112
2232387
2220337
2177976
2183825
2181616
2204472
2182970
2178370
2191535
2226373
2190876
2199250
2229726
2234298
2196812
2211356
2243021
2240524
2206659
2236950
2262406
2239844
2215010
2242685
2258794
2224466
2229671
2204410
2234128
2229175
2238633
2270753
2238266
2238274
2267632
2303738
2252974
2280364
2288659
2281231
2277033
2294591
2287030
2275608
2276742
2275509
2298953
2285899
2296729
2343821
2322345
2303280
2302004
2309430
2303611
2312074
2285660
2309223
2298652
2310640
2374445
2300974
2321199
2332590
2315564
2325112
2302960
2318954
2318436
2311221
2374286
2360345
2322267
2351340
2347593
2338153
2337334
2332237
2347767
2344297
2361089
2426478
2352493
2384642
2390999
2368503
2383813
2370480
2395849
2379574
2401321
2435421
2399001
2398695
2376425
2400989
2387173
2399675
2466300
2397897
2418160
2408655
2397389
2400066
2405937
2426452
2407263
2416099
2464872
2426951
2420071
2410139
2426019
2419471
2429896
2452960
2423574
2411864
2432656
2480064
2424660
2452398
2452869
2429131
2434842
2464626
2473167
2440545
2469908
2464221
2470153
2483945
2471904
2482719
2463778
2485416
2539770
2483651
2510817
2510194
2488011
2488268
2523507
2539604
2500904
2508188
2512057
2506079
2510734
2574368
2503151
2530126
2520335
2508185
2508298
2565743
2555618
2522110
2516103
2528144
2516111
2529385
2586692
2517360
2541952
2547694
2525576
2523740
2562865
2566668
2533620
2553993
2543847
2535552
2540788
2606894
2532373
2558488
2565589
2556267
2560304
2626507
2614729
2580088
2599882
2593426
2592968
2603334
2638611
2584152
2612820
2611947
2594159
2599855
2648462
2642108
2606593
2604692
2615601
2594386
2611617
2631840
2616488
2592898
2613382
2616533
2634239
2639706
2626823
2635090
2671005
2619096
2644657
2647567
2622766
2622448
2673732
2666953
2634966
2620133
2643099
2626357
2645004
2664352
2652938
2622836
2662370
2655038
2690852
2680396
2685120
2689907
2746289
2681067
2703366
2694980
2694035
2690656
2738622
2729009
2705115
2695233
2713600
2698853
2715741
2726269
2719237
2691416
2710204
2713356
2717730
2723192
2721853
2727236
2766344
2711260
2729119
2735288
2716935
2713430
2746778
2739410
2737306
2743158
2731623
2745176
2752688
2725973
2728601
2779815
2773275
2736206
2763459
2745019
2735159
2743540
2791595
2752320
2739368
2766544
2776891
2784298
2800100
2801907
2800035
2830815
2795316
2811547
2818428
2793980
2792125
2842381
2820517
2815735
2842787
2809254
2827936
2834883
2813425
2817604
2860020
2852028
2818289
2806213
2826897
2825392
2833278
2822909
2828877
2870430
2864102
2828392
2817508
2836815
2817594
2834005
2849918
2845765
2848751
2867781
2839120
2861566
2843409
2835945
2850913
2886776
2839165
2827605
2846375
2865038
2898866
2886794
2881354
2899187
2953593
2886417
2894805
2897613
2899091
2921263
2906826
2903700
2916771
2958067
2899382
2912567
2924900
2904060
2907041
2914905
2910881
2920249
2967859
2899163
2885447
2904685
2910637
2931887
2915236
2900060
2918757
2935256
2916775
2930315
2925797
2915273
2924524
2921244
2905573
2918579
2922562
2930343
2965373
2958407
2924309
2911940
2937031
2959796
2977203
2960828
2963450
3000664
3009039
2981372
2972784
2992115
2997279
3007041
2983760
2980279
3000893
3017106
2999481
3007988
3002657
3013875
3021263
2999314
2998205
3029486
3044204
3005360
2991901
3010533
3020679
3029806
3004015
3006631
3016133
3024027
3024630
3068204
3006246
2990639
3009813
3014765
3036593
3018168
3001469
3025090
3065289
3013264
3023640
3030578
3050585
3073348
3067986
3063668
3068559
3075471
3082566
3095036
3120871
3083063
3074875
3090208
3099401
3104149
3089754
3081678
3097904
3104891
3102343
3136301
3085849
3071315
3086289
3095079
3114009
3100791
3081961
3095837
3109725
3108380
3133608
3143390
3101632
3094488
3111095
3115922
3107035
3105388
3104147
3110829
3133203
3119687
3156883
3103584
3096720
3113119
3119826
3156673
3149506
3141593
3158922
3168674
3174870
3183473
3215910
3173115
3186616
3176935
3159796
3199836
3173042
3170566
3183834
3181165
3194447
3233886
3177198
3160437
3198722
3178756
3186851
3190656
3168900
3189473
3206032
3193827
3222564
3211142
3186998
3172950
3194677
3188467
3210860
3187930
3183045
3193665
3222120
3193074
3237299
3187921
3186556
3192323
3192522
3213992
3203898
3188001
3234599
3275440
3247634
3285010
3275473
3250848
3243165
3261605
3257670
3283063
3250849
3257102
3262287
3247036
3272136
3296760
3267651
3296311
3294070
3262600
3249559
3267195
3271205
3262112
3266073
3268720
3266336
3297920
3273825
3309263
3261698
3271861
3263344
3271284
3289133
3272980
3278896
3263711
3274400
3282626
3293794
3304891
3273057
3265112
3281653
3261385
3312673
3293967
3319917
3323324
3313756
3330076
3337575
3340873
3350786
3385100
3331502
3354763
3335639
3333887
3346972
3334910
3362631
3345021
3338081
3346506
3357938
3351524
3370901
3353447
3344164
3328932
3352284
3322087
3370433
3339865
3363060
3354065
3336812
3349604
3362799
3360477
3357681
3399318
3347255
3356862
3348728
3339372
3347415
3350347
3372438
3356009
3361694
3349018
3371507
3378360
3396067
3402901
3415609
3455768
3406230
3448605
3419126
3421598
3400706
3422719
3392456
3446193
3416443
3425654
3428973
3419273
3432282
3434937
3437353
3430231
3475923
3420508
3456714
3422620
3445828
3421063
3423515
3446284
3430978
3433391
3421701
3431148
3426048
3431723
3432075
3437737
3482154
3422864
3463161
3420965
3433402
3419578
3435939
3410898
3452463
3424312
3425722
3437016
3418249
3457058
3473954
3484828
3485929
3536295
3487041
3512765
3496783
3517642
3499829
3500040
3517556
3500061
3499050
3491907
3502824
3497714
3504129
3497142
3517164
3540276
3498725
3513739
3516745
3497313
3482881
3502558
3490116
3525451
3494622
3514031
3502687
3504418
3490962
3506898
3507142
3497979
3548286
3493542
3500260
3503536
3503322
3510951
3491572
3511900
3502950
3492892
3508626
3519497
3520517
3545671
3554091
3557614
3548125
3564381
3541161
3590657
3560222
3572548
3573994
3571781
3572071
3581051
3584448
3573612
3609748
3582744
3610490
3577288
3594764
3589333
3571454
3599055
3580891
3570969
3571224
3585636
3573536
3581241
3571891
3593980
3606668
3582603
3591558
3586572
3586472
3579230
3592877
3570418
3615426
3592450
3593893
3599229
3589799
3594839
3601093
3600853
3591431
3650470
3622739
3644285
3654738
3658918
3676313
3650771
3677180
3659581
3644310
3652527
3660578
3655878
3658648
3657179
3675426
3693469
3661230
3665804
3692123
3658174
3659539
3660253
3684356
3668226
3659185
3680021
3662523
3639513
3675641
3660364
3651355
3665353
3662776
3664448
3671786
3669395
3658011
3700577
3651553
3652108
3659436
3659793
3675306
3645928
3669845
3655867
3638743
3642414
3653001
3650412
3665913
3690964
3718976
3743555
3722335
3727048
3759591
3726697
3744615
3736149
3747724
3727798
3730155
3744479
3735677
3721679
3738254
3737925
3730458
3736322
3743894
3739972
3777485
3728643
3735979
3750594
3734049
3725522
3739676
3748998
3744954
3725529
3743570
3737078
3730234
3733907
3736873
3738168
3724938
3745659
3723956
3764448
3716329
3728937
3717232
3722641
3699931
3722835
3707131
3740111
3724029
3774754
3781160
3762721
3781951
3798410
3788579
3796012
3815746
3801120
3847377
3787863
3795644
3790655
3798803
3809387
3802108
3790184
3819501
3794438
3791891
3801117
3796546
3806542
3823608
3794606
3796543
3812948
3791277
3789561
3800867
3810657
3801612
3792631
3809712
3793045
3781379
3787924
3787478
3777042
3792344
3780453
3791101
3795341
3788748
3781897
3820197
3787353
3855611
3828101
3846000
3836690
3855145
3877234
3863524
3845329
3858034
3866838
3859408
3859748
3888725
3862918
3910086
3858346
3862544
3849769
3861357
3865189
3867564
3844146
3867811
3902725
3842345
3847928
3824217
3843884
3850484
3850841
3840647
3855252
3864193
3836605
3838877
3836497
3835785
3830724
3844373
3842309
3848172
3862696
3828789
3831448
3847356
3829205
3835116
3870417
3940706
3899583
3894395
3922551
3917832
3929057
3933922
3938447
3926511
3948550
3918045
3928370
3932763
3928097
3927665
3934652
3940235
3929535
3978630
3927657
3912320
3934039
3923308
3947146
3921952
3919916
3930304
3936872
3930770
3926515
3931821
3923567
3943233
3926053
3919062
3919333
3960013
3911880
3926909
3916659
3912745
3906212
3922178
3923544
3908130
3955640
3901355
3914179
3945068
3970274
3974936
4011077
4007336
4000333
4047480
3998279
4002656
4011421
4002154
4021243
4003916
3997224
4005828
4035459
4014330
4028572
4000414
4002654
3987711
3999766
4004899
4007036
4006080
4004797
4036389
4001725
3994134
4019564
3992309
3990640
3992690
4031044
3984279
3968285
3990657
3978457
4000545
3971887
3966543
3973480
3997675
3969529
3953493
3973466
3963637
3986838
3965401
3981466
4024517
4061056
4056446
4081100
4050061
4056744
4039503
4060279
4082814
4065041
4056900
4068505
4110867
4061923
4069593
4057438
4070344
4090089
4073711
4067208
4068104
4099360
4079431
4071984
4083034
4068820
4082519
4071648
4068259
4061867
4080373
4080656
4067904
4116940
4059774
4045800
4067900
4059280
4069581
4061937
4050092
4055821
4078591
4053061
4055817
4055881
4048920
4089497
4094775
4116521
4141973
4137402
4156035
4189635
4146982
4149379
4132725
4151705
4164244
4150000
4148617
4150227
4161089
4147244
4154549
4153247
4164995
4202094
4147271
4150296
4166210
4146895
4126919
4151713
4144342
4167780
4140654
4145838
4150621
4139204
4142581
4148980
4149053
4136608
4179630
4124439
4151056
4127253
4120766
4112324
4115730
4138055
4118415
4111538
4103607
4114606
4113817
4138854
4185460
4203831
4255646
4205633
4216091
4220522
4221497
4200488
4225493
4216977
4229491
4214735
4210185
4215749
4233800
4229967
4267927
4213166
4215890
4222434
4212759
4212890
4216347
4207970
4229001
4202891
4201789
4210712
4200387
4213901
4248365
4193112
4196364
4171407
4193464
4198320
4186480
4180509
4172082
4187603
4184972
4170402
4202629
4164189
4203894
4159481
4159653
4140014
4176126
4222589
4247836
4258808
4271179
4274586
4262864
4275737
4270396
4283421
4282171
4272814
4265177
4313452
4261373
4297856
4269202
4267886
4251865
4270127
4289512
4269475
4263386
4256293
4272531
4264665
4260596
4267872
4269485
4310321
4255700
4259827
4276945
4258104
4237611
4262868
4252228
4269017
4244647
4265293
4250839
4239482
4232033
4249153
4243430
4260330
4300057
4322907
4363506
4326213
4334487
4363396
4336153
4331920
4346111
4333268
4329139
4327235
4355617
4339777
4333359
4329298
4345769
4338939
4334271
4334604
4343503
4375452
4333115
4331576
4371201
4323286
4350961
4328280
4321797
4303689
4323701
4337345
4320587
4315696
4306944
4321459
4315256
4308733
4310040
4312446
4352730
4291767
4294943
4271936
4296360
4304862
4340334
4371993
4406097
4389013
4407042
4406313
4400652
4396498
4412319
4400904
4403233
4396335
4404260
4406799
4413360
4401221
4437866
4407791
4451665
4397499
4399468
4414015
4395319
4370790
4398923
4390452
4413364
4384607
4409032
4394171
4384623
4379813
4392776
4392005
4379575
4388223
4381512
4413154
4367170
4370406
4397758
4363187
4372465
4364384
4352449
4341146
4352431
4359794
4368126
4403968
4448153
4440667
4453010
4461021
4455219
4463281
4465452
4472793
4458090
4466788
4455320
4473127
4453957
4455443
4500259
4447956
4492266
4445100
4445938
4433895
4445554
4420440
4445762
4433986
4436003
4435534
4438062
4431706
4429476
4435499
4427527
4413813
4424453
4415985
4422266
4420850
4420973
4405723
4412661
4407140
4424422
4392872
4392076
4428875
4384359
4393526
4441042
4459203
4482159
4471082
4497758
4485344
4485923
4500330
4486490
4494006
4486938
4475603
4473417
4483467
4474589
4490068
4481570
4483659
4491385
4482884
4481740
4482309
4485962
4506893
4472933
4475993
4516725
4469519
4515797
4466688
4468653
4467353
4467637
4460847
4466922
4454953
4440982
4458921
4442546
4454962
4450248
4467592
4442780
4460711
4441470
4438820
4454296
4461218
4515550
4537733
4542353
4559030
4558636
4556255
4570064
4560917
4566421
4566811
4567260
4554656
4558981
4572130
4567179
4575484
4560609
4571560
4572924
4568190
4564750
4558131
4600489
4547696
4595133
4544635
4547749
4546009
4544924
4547416
4548474
4538566
4553301
4527058
4541694
4525657
4523328
4539506
4514126
4531196
4515341
4504674
4501094
4501710
4492683
4503509
4490313
4496436
4491664
4495800
4493885
4544240
4578184
4654949
4615219
4626165
4647919
4634611
4631292
4631005
4624777
4625619
4621872
4603624
4620745
4616687
4607032
4625524
4619072
4625178
4612774
4602891
4607724
4603698
4601234
4597601
4619758
4590627
4610050
4589733
4586493
4608499
4583368
4605293
4582445
4573910
4580231
4570729
4578211
4567917
4554132
4548694
4550492
4542010
4551543
4537944
4532465
4542208
4527517
4535356
4532336
4575447
4620070
4671253
4674128
4706692
4685284
4703281
4691450
4690637
4730451
4672958
4721362
4661354
4667698
4697990
4672263
4691737
4674796
4665444
4642868
4663372
4634839
4660477
4645324
4625177
4640256
4628366
4640213
4630756
4643425
4618366
4640861
4618841
4611828
4609131
4605555
4606346
4601807
4588638
4591061
4585660
4575158
4583007
4568653
4563437
4570779
4555729
4564923
4551648
4545705
4574738
4597569
4665340
4702090
4728194
4742267
4741863
4744019
4744505
4757047
4743134
4735990
4720593
4721720
4729374
4727237
4731139
4725644
4759821
4723758
4727311
4715132
4707991
4745929
4688707
4738688
4675767
4680382
4713319
4667603
4717179
4658498
4664020
4698455
4650281
4700943
4641241
4637819
4646580
4630559
4632231
4622352
4610408
4586747
4609047
4587395
4606098
4590991
4568379
4591081
4558601
4595573
4618674
4673152
4727547
4739690
4780553
4776934
4761099
4790985
4768248
4787446
4769707
4754849
4752301
4738512
4757869
4752270
4759466
4752589
4727673
4754033
4739646
4713183
4731245
4699294
4725391
4710002
4684523
4706410
4674732
4702707
4691851
4701765
4681432
4697627
4679812
4674520
4681546
4660684
4673521
4656671
4650656
4658676
4645079
4643071
4641322
4629772
4632421
4631070
4648526
4702518
4747242
4787390
4814413
4834211
4830759
4825136
4839654
4825995
4840104
4811118
4802274
4819799
4794127
4804158
4801856
4801922
4815622
4797644
4773109
4796215
4785220
4793785
4766164
4772989
4758858
4755780
4767452
4740441
4749718
4737920
4733554
4748098
4726096
4744238
4719308
4710649
4714451
4704757
4707131
4703665
4688618
4680599
4686677
4683944
4683318
4669334
4664666
4683711
4720146
4783530
4818545
4852503
4874375
4893230
4891098
4884097
4893520
4877132
4889322
4865571
4852557
4845370
4858312
4848523
4862861
4852210
4844217
4852116
4841009
4845752
4828665
4819294
4823039
4802338
4815737
4799649
4790636
4797159
4785348
4793724
4779219
4777425
4775566
4787216
4768512
4755564
4748483
4750523
4742186
4746210
4730679
4722077
4729763
4712582
4724569
4713285
4715546
4724802
4749539
4807286
4854948
4902652
4913602
4913876
4917583
4920817
4933062
4918121
4894164
4894937
4884074
4887816
4889482
4879643
4885457
4883247
4882194
4883880
4865844
4874945
4861758
4857992
4855809
4837698
4847644
4833763
4823645
4830295
4840140
4828011
4815501
4818132
4806583
4826550
4803717
4794272
4809077
4781169
4794115
4779432
4772493
4789098
4759579
4781611
4770758
4805757
4878590
4902361
4954007
4946618
4953323
4981376
4958308
4969799
4951065
4942789
4948553
4927407
4902879
4936241
4928498
4909527
4937555
4954868
4922099
4919715
4928998
4908194
4950813
4898051
4894543
4914604
4882959
4886470
4882057
4874288
4908704
4861635
4880764
4865456
4854024
4851381
4850742
4840931
4840690
4826667
4822104
4831421
4821838
4816834
4807037
4805266
4817582
4812765
4839098
4886388
4939190
4991904
5008836
5002864
5025268
5021497
5015444
5024018
5036401
5006948
4993045
5003024
4992515
5011490
4993038
4989249
5005045
4974347
4943917
4964669
4949978
4922940
4944255
4961825
4921015
4920011
4932888
4911917
4957880
4907229
4904781
4915721
4895026
4891648
4893010
4881014
4904374
4866822
4875138
4870338
4856842
4870234
4848002
4848300
4845821
4837101
4869484
4835487
4841717
4881392
4927461
4978404
5027231
5034740
5028200
5051188
5046889
5041155
5047875
5057199
5028358
5013664
5023308
5016096
5014626
5016620
5014893
5030197
5003915
4981046
5003572
4992711
4962977
4983305
5013807
4966766
4961848
4989807
4958262
4978049
4950703
4950463
4964878
4948969
4938100
4935925
4922981
4917358
4916847
4914088
4895683
4903985
4893450
4890496
4891166
4875875
4908035
4939685
4989894
5043224
5091850
5080424
5084179
5109745
5089114
5075776
5092515
5071525
5039052
5063304
5089406
5055328
5055215
5096341
5055879
5083475
5048245
5045450
5082402
5025625
5027682
5026709
5007960
5003994
5006168
4997310
4994422
4980949
4976896
4983115
4974065
4954666
4964909
4951916
4940747
4947422
4961584
4938848
4929266
4944197
4923545
4939767
4917763
4913753
4936398
4934108
4967248
5043199
5084543
5124001
5122346
5113598
5146551
5137141
5132974
5133458
5134144
5107704
5104224
5135009
5099122
5103095
5111672
5096952
5090166
5098729
5084110
5077212
5074203
5055634
5055907
5041905
5034760
5033847
5027798
5039367
5015190
4990776
5013527
5001745
4979274
4999565
5010777
4984561
4973929
4991384
4964178
4996212
4965508
4958881
4963796
4954473
4951494
4953620
4950907
4980914
5044045
5087405
5123665
5152566
5148878
5161817
5158845
5153892
5162635
5146388
5111499
5130108
5167110
5112051
5118419
5151379
5115461
5119911
5118527
5103483
5099568
5096049
5089963
5091059
5076201
5062528
5072483
5052290
5051668
5041982
5036880
5052247
5026045
4998585
5023016
5009987
4988637
5008382
5049462
4993597
4992224
5013096
4983558
4985513
4994932
5004133
5061380
5109794
5150616
5174331
5179962
5186534
5187514
5195268
5213016
5184738
5172211
5178860
5156405
5157755
5153246
5152088
5176282
5151235
5154985
5157297
5138030
5128720
5136040
5119299
5104858
5111019
5093846
5094917
5084014
5076040
5077671
5072099
5079398
5059416
5032572
5059895
5043891
5020492
5042342
5084895
5024106
5025655
5059867
5024111
5056367
5020770
5024854
5045721
5042535
5091204
5161417
5193768
5222632
5245412
5242701
5238313
5254952
5240954
5242404
5223286
5207947
5205001
5202679
5215242
5207362
5224379
5196404
5195944
5234089
5184277
5180785
5176715
5159964
5152238
5149955
5141633
5133209
5135985
5120967
5111041
5115731
5114373
5099498
5093970
5086348
5080980
5072064
5076687
5062871
5041902
5064762
5098529
5052878
5055004
5090509
5051092
5067868
5113738
5162528
5209443
5248949
5257849
5249561
5275569
5267893
5260803
5263462
5260175
5231549
5222783
5240224
5217792
5229366
5212272
5209616
5231559
5200471
5199352
5201230
5180609
5171140
5172231
5156282
5145435
5148468
5131784
5119398
5125952
5131016
5108450
5105397
5104893
5091596
5068678
5092126
5076832
5049450
5076549
5119412
5064617
5087388
5169230
5185408
5232445
5263073
5266092
5267532
5287075
5275764
5265438
5265697
5239796
5223176
5225722
5231283
5218418
5219831
5219592
5218482
5242928
5200184
5197459
5234455
5179185
5174420
5160411
5151897
5143169
5145470
5134610
5121436
5129515
5116119
5111590
5109197
5099754
5098786
5093935
5083999
5089486
5112306
5084645
5081253
5115139
5089532
5140356
5178229
5230394
5295796
5284213
5297865
5295130
5301453
5298677
5293238
5282284
5287797
5262841
5251822
5272519
5249448
5250438
5253310
5240693
5265678
5230815
5226172
5223456
5206236
5196925
5203456
5186964
5165837
5175134
5160587
5154103
5155739
5141398
5143061
5136989
5119734
5128725
5163525
5118881
5118865
5161980
5113228
5116238
5125145
5108795
5106906
5112653
5111511
5134289
5173263
5220894
5271676
5302360
5306425
5323126
5328361
5305524
5330364
5349292
5304563
5292003
5285718
5282062
5276000
5263702
5277075
5263366
5281252
5254396
5226612
5252486
5233460
5232972
5224889
5215521
5214613
5200137
5188472
5197650
5182380
5164834
5176781
5160510
5156310
5157222
5167181
5146930
5144062
5166271
5139428
5114676
5146300
5137833
5142089
5134792
5142713
5196354
5242331
5297439
5324546
5340621
5357286
5351223
5353029
5365389
5346780
5353605
5315936
5304152
5305056
5297649
5315293
5290750
5290536
5331412
5282152
5284736
5267849
5266316
5252903
5238222
5240151
5244748
5223205
5216281
5186624
5208680
5244082
5188954
5187308
5212658
5184393
5202106
5188447
5178899
5171475
5186516
5176254
5164937
5177157
5165240
5169589
5165963
5163572
5220747
5264845
5288980
5356476
5397257
5394059
5393032
5390035
5405951
5390932
5391231
5366996
5345825
5360064
5337551
5375934
5332071
5329321
5358733
5323643
5317401
5320927
5299352
5289135
5286070
5275325
5281064
5262254
5251591
5264966
5239562
5257385
5234808
5224486
5232099
5225129
5244602
5215073
5214962
5220366
5215537
5212231
5197397
5207577
5201223
5193888
5203184
5203229
5210634
5233826
5272658
5336848
5406102
5411809
5409653
5451481
5422067
5428496
5413997
5407656
5390952
5392067
5371373
5386948
5367134
5362082
5367042
5356192
5381683
5340770
5338477
5368043
5321294
5320434
5297497
5299509
5290114
5279998
5282230
5297786
5271491
5262689
5276591
5251766
5234529
5255961
5242515
5224923
5247137
5253586
5243019
5240023
5236295
5245748
5237840
5223360
5247755
5266511
5332357
5365094
5375419
5436841
5436214
5481648
5451695
5457191
5446608
5430688
5414611
5398212
5397543
5409859
5388525
5387896
5377481
5386711
5417950
5364771
5364349
5359635
5359332
5339178
5344743
5326713
5309428
5317745
5299664
5271788
5295650
5286578
5259106
5285052
5293751
5276323
5275726
5271305
5271071
5273730
5267861
5263707
5262799
5256456
5263988
5284490
5266385
5282955
5350925
5382744
5428189
5461859
5469819
5521631
5491699
5487888
5498180
5475436
5456741
5451908
5436578
5452610
5427209
5422384
5438561
5413786
5432720
5406254
5397323
5437225
5384735
5383861
5369933
5365252
5354223
5346637
5350575
5317141
5339078
5335741
5333676
5332965
5366044
5323036
5327050
5372979
5323106
5327239
5334226
5324171
5320325
5332545
5323522
5306405
5325779
5317747
5353556
5383247
5412838
5479338
5504341
5494508
5531832
5578352
5530796
5530296
5541128
5507945
5485365
5467214
5470548
5456882
5479098
5450383
5487493
5439846
5434333
5471661
5421231
5413962
5416713
5394637
5387423
5385261
5379508
5391444
5364804
5362289
5355946
5361460
5402097
5352345
5352663
5348451
5355956
5349684
5338353
5350224
5338358
5351433
5336752
5321278
5347109
5341562
5390721
5420081
5470777
5508536
5527775
5541516
5541058
5559391
5527360
5557459
5535428
5512112
5512370
5500460
5499528
5490671
5483267
5489933
5473887
5478923
5464433
5452147
5469033
5437490
5414941
5431464
5412806
5403867
5407099
5400104
5409232
5393913
5386774
5400475
5388971
5372679
5388774
5376305
5398944
5374331
5358984
5377650
5370157
5412302
5372549
5376088
5384201
5388971
5429166
5493870
5523967
5577171
5581079
5582220
5609004
5597026
5644473
5578667
5571320
5567705
5556410
5539172
