3428
228545
260054
255797
241235
241394
236564
227734
209627
210304
237490
273257
319593
348944
369073
376259
371569
362147
340162
316946
296544
280603
270221
263367
278411
301527
342858
380073
417912
434701
393645
418950
440841
447543
448165
438449
428093
407296
391784
366390
351750
336308
325896
323322
319113
322760
325188
331800
340034
351386
368885
384902
504359
434727
455207
482695
497151
514079
525820
496427
538232
541837
542447
547610
546063
546429
550281
551731
551626
554469
560635
488679
564191
568712
576422
583687
590008
523929
610232
622335
634698
644233
656748
665537
674624
678877
675633
666144
649504
629418
608466
538290
543986
556104
578082
611837
657076
704280
642473
781860
802707
800186
771553
724798
687525
671081
672767
698817
756298
828795
885025
908416
889158
818302
761051
758820
803035
889557
983509
1020922
943595
859554
829184
896698
1032106
1110513
1045226
946100
938501
1062885
1171762
1141155
1012752
1014754
1167358
1287006
1151624
1053145
1200718
1362189
1230073
1143307
1316535
1415729
1238291
1247639
1489114
1395899
1266467
1530681
1500537
1349673
1596831
1535993
1426187
1726760
1528588
1593991
1798471
1533526
1711134
1643314
1759930
1819967
1700739
1960809
1728836
2053313
1766373
2126752
2021251
1930136
2008572
1959531
1930677
1944550
1956948
1921869
1929794
1955956
1923261
1947996
1927664
1946004
1973769
1965687
1989937
1974902
1992552
2014632
1987217
2027329
2000495
2020937
2014231
2079792
2063780
2038478
2041137
2048923
2072989
2053662
2042961
2073672
2107516
2063400
2057165
2117262
2118893
2106696
2132589
2118919
2202766
2144502
2148264
2169854
2151965
2156399
2161157
2238799
2175190
2164562
2201398
2192669
2186327
2209205
2261939
2211724
2223469
2275606
2259103
2263725
2243890
2294341
2273285
2307050
2281353
2283533
2295817
2349531
2295335
2314486
2326126
2334234
2303978
2339487
2320760
2372123
2406202
2374458
2387081
2401118
2400762
2391977
2409359
2392796
2412552
2434067
2412663
2416350
2451573
2419416
2438165
2471186
2432121
2485371
2480159
2507674
2521748
2500111
2477535
2507085
2499602
2532716
2518578
2541720
2532869
2534815
2549920
2528753
2549186
2554987
2544114
2540080
2585681
2627157
2670961
2605695
2594983
2622572
2642814
2646102
2626007
2646280
2626277
2634999
2643720
2653904
2655595
2649042
2685199
2651487
2666499
2712358
2741421
2752855
2707367
2773354
2725069
2717958
2739618
2759060
2778628
2739875
2748909
2746332
2758072
2762526
2778189
2751042
2762009
2796263
2841558
2837882
2847548
2833885
2833865
2842270
2839523
2862048
2844700
2891578
2849325
2882549
2849588
2854262
2850595
2834953
2855725
2861629
2912751
2940000
2932897
2943030
2926566
2941352
2938963
2946561
2977912
2941448
2966597
2935620
2986719
2930615
3003903
2932082
3006734
2933831
3017263
2998104
3086984
3020573
3094677
3016479
3082827
3031743
3072603
3046798
3057521
3053888
3053269
3052283
3048309
3043855
3050278
3035172
3049564
3067222
3128669
3121877
3132413
3156691
3123167
3177553
3137307
3167765
3141388
3141812
3138847
3143486
3137563
3142799
3140319
3141828
3146530
3149502
3221974
3234592
3237267
3225749
3224147
3225504
3251098
3243557
3238243
3224172
3225926
3229148
3260675
3249249
3251788
3216162
3228078
3240250
3254761
3366785
3341139
3336727
3299631
3316890
3352034
3316828
3337294
3326269
3323205
3315966
3315893
3327985
3316017
3311182
3304437
3323218
3333438
3389577
3406486
3451048
3417605
3401822
3423494
3400445
3423113
3388363
3398972
3424467
3387438
3394128
3396572
3395478
3384101
3384655
3401863
3467127
3487675
3507987
3517298
3476448
3489099
3508233
3513546
3472251
3463586
3525648
3475830
3472137
3469714
3462889
3479052
3458697
3463436
3536939
3572284
3595547
3573454
3552043
3561547
3575359
3548982
3570358
3570783
3559371
3543296
3539102
3563494
3509740
3535600
3552469
3520847
3593981
3644309
3651801
3662965
3629128
3620865
3640189
3648496
3624811
3658947
3626349
3600912
3642862
3615836
3613385
3583335
3594740
3624652
3677026
3724820
3736127
3735667
3732217
3703448
3726757
3719897
3689821
3719020
3726702
3680465
3688774
3712942
3653117
3670445
3679267
3665798
3768241
3804446
3815212
3823384
3781785
3810624
3788078
3790708
3801603
3767313
3805774
3753678
3760763
3782123
3744497
3740721
3740014
3756995
3853410
3879617
3881371
3889623
3839772
3868325
3890248
3849445
3852414
3854240
3848227
3826883
3820197
3815378
3815651
3798935
3796717
3827448
3940021
3932246
3978715
3948558
3950251
3907561
3933764
3942238
3913575
3904275
3902630
3889329
3895368
3871209
3876201
3872236
3837860
3940925
4000789
4060098
4004704
3997357
3985060
3974589
3973667
3970778
3960100
3959575
3932225
3954331
3913586
3944500
3911192
3901177
3955487
3999083
4061440
4084132
4076453
4060697
4043697
4053501
4036011
4048049
4011854
4026892
4013583
4000636
3960017
3984777
3982318
3956833
3974088
4096451
4137937
4167354
4140764
4140930
4103903
4141526
4099292
4096732
4122378
4098676
4068580
4059661
4050492
4048966
4034213
4028831
4021268
4145832
4178861
4235297
4214616
4205702
4163618
4175071
4165046
4155187
4145709
4138301
4119114
4120227
4093502
4108507
4079926
4091332
4082662
4185166
4281189
4276065
4286715
4248147
4236078
4234986
4221930
4221010
4211317
4197133
4180788
4176679
4156526
4156423
4141951
4136184
4134077
4199573
4317396
4346233
4344871
4326590
4322551
4309669
4299693
4294622
4260125
4259079
4279012
4254727
4275928
4234456
4214345
4184230
4192751
4236963
4320046
4424544
4412088
4416058
4373000
4357869
4353909
4346760
4339533
4326625
4312318
4291555
4282750
4285086
4271113
4258971
4247695
4238908
4346895
4467165
4487564
4459856
4456357
4470022
4412541
4409683
4436928
4388285
4385267
4357217
4352720
4338233
4323574
4319966
4311124
4309157
4376456
4494680
4536634
4556301
4516365
4504087
4480003
4469874
4515478
4467667
4442400
4463989
4411774
4415089
4391612
4392135
4379596
4363236
4429341
4555536
4597570
4620524
4588439
4552763
4548210
4509541
4526349
4545027
4471737
4473043
4497216
4450568
4449428
4437399
4418478
4415062
4497250
4611043
4655535
4664895
4634277
4611312
4580233
4601963
4573430
4590850
4541530
4532548
4514551
4499882
4495378
4495430
4478255
4478972
4527647
4647265
4713092
4703204
4711598
4658137
4695344
4637621
4632556
4621902
4604786
4594875
4574375
4570211
4545408
4554957
4515688
4527089
4584375
4664098
4743527
4776200
4756296
4713200
4704522
4683850
4684189
4658758
4662973
4612150
4637299
4605007
4639301
4584967
4579676
4569265
4592647
4728980
4798743
4835850
4810076
4777751
4784763
4719060
4727091
4724407
4697730
4678592
4667509
4653120
4647936
4623098
4633606
4596045
4650198
4756410
4895061
4877374
4880194
4830530
4808130
4796940
4773346
4783342
4755053
4734032
4721709
4717004
4691341
4683127
4674653
4670569
4676820
4768993
4893085
4913996
4909715
4885633
4858773
4837835
4822169
4813013
4807408
4776392
4753135
4766719
4739873
4773556
4720942
4718017
4721667
4815285
4917121
4975212
4991995
4938850
4880444
4881607
4874131
4859904
4841720
4827630
4819794
4793810
4770789
4795962
4769388
4804876
4765882
4838466
4949798
5009352
5030300
5021531
4969897
4926109
4925238
4896582
4883553
4872103
4850113
4837463
4854196
4820156
4843640
4859892
4814102
4840489
4962250
5042307
5067231
5044862
4988755
4984238
4992404
4935443
4924481
4905395
4885866
4877593
4890755
4868697
4871710
4909349
4858413
4893166
5011383
5088472
5112026
5118961
5067828
5020652
5010292
4987478
4973460
4952959
4934672
4932048
4949323
4914283
4908402
4908756
4906260
4928924
5044499
5117221
5148894
5161261
5109521
5069197
5050564
5033709
5024858
5012210
5027511
5006304
4965757
4963742
4957323
4958286
4957905
4957638
5022526
5124879
5184069
5190312
5153555
5105034
5071133
5049787
5091028
5075012
5010068
4998425
4989579
4980418
4970891
4975625
4985469
4967483
5039434
5150177
5217454
5238196
5208506
5171920
5131772
5118672
5099261
5084318
5064471
5043161
5032007
5074025
5077712
5025242
5022120
5023585
5065692
5188881
5239171
5299733
5261031
5212508
5191415
5175714
5159861
5155759
5156030
5094979
5085152
5079872
5073365
5067402
5045244
5046449
5081750
5212709
5290330
5324917
5306268
5253814
5201207
5202884
5189389
5174907
5160245
5143324
5108223
5101049
5116001
5111878
5105838
5104553
5100303
5103870
5088583
5097222
5115881
5230923
5314385
5345075
5336169
5309061
5265117
5243512
5230005
5216808
5202294
5200561
5211765
5161749
5160204
5160559
5160244
5157709
5177835
5192496
5186002
5303827
5370300
5399548
5363111
5320230
5288920
5265194
5249929
5236938
5232931
5225562
5198072
5203042
5194841
5198138
5183136
5196246
5179498
5253682
5355218
5413716
5439968
5406003
5395434
5327978
5303361
5291847
5281720
5272561
5270596
5244977
5245816
5238152
5239187
5226246
5211680
5227605
5358224
5438297
5482390
5487085
5412272
5395757
5361978
5343734
5333928
5318211
5317509
5284271
5281219
5280545
5271663
5270893
5271309
5262912
5381004
5442098
5509408
5525107
5489450
5464847
5414854
5397381
5375898
5358177
5351795
5344973
5370751
5321099
5319258
5310840
5305840
5308175
5304235
5366466
5477076
5546590
5555463
5501353
5525351
5445095
5425496
5402521
5380773
5388772
5360737
5363461
5354871
5354233
5344394
5314249
5374034
5365200
5487237
5555161
5581746
5589580
5524472
5485222
5461305
5449068
5410898
5409727
5392433
5389758
5392808
5374006
5367665
5371167
5362872
5371133
5461084
5557397
5614689
5615509
5574534
5517327
5490256
5465307
5486369
5431662
5421873
5423816
5414445
5413949
5408015
5397683
5398958
5399317
5393738
5398724
5389691
5395719
5399069
5492512
5572044
5617636
5614172
5563609
5530191
5496651
5473373
5488513
5452136
5452140
5441302
5430156
5452880
5432398
5428871
5423654
5429078
5433972
5468920
5436038
5525157
5603217
5624317
5613877
5603137
5547849
5523886
5502340
5494632
5514236
5477585
5479893
5468676
5458408
5456951
5455079
5453650
5455902
5459132
5434678
5440117
5447660
5444532
5509045
5593226
5604958
5588600
5546563
5523035
5496341
5465351
5513305
5463885
5455587
5445193
5425220
5396347
5374548
5364041
5363813
5366113
5352736
5378408
5356326
5418523
5514297
5527189
5527020
5542579
5486320
5465256
5450421
5451656
5416769
5417872
5420661
5420084
5413515
5428913
5407030
5413576
5405226
5404576
5417340
5461554
5499383
5575990
5610901
5619387
5594249
5558878
5531194
5517401
5495314
5470660
5535306
5486456
5486377
5490333
5504748
5461114
5472317
5475934
5474243
5469888
5560915
5624291
5653321
5677347
5653205
5619524
5571367
5550352
5537954
5536959
5517834
5513365
5519456
5508012
5507121
5509474
5540911
5505588
5512330
5593098
5672862
5720760
5701869
5670752
5649731
5625298
5628809
5574773
5564581
5560022
5547985
5530059
5551148
5531475
5534266
5535191
5539774
5587887
5648226
5708743
5746913
5766106
5748024
5666334
5640165
5615521
5602375
5651572
5602983
5601140
5602778
5610881
5629538
5592810
5598174
5607595
5669535
5773556
5780411
5817476
5790155
5744702
5734193
5685056
5674749
5661847
5643647
5683458
5653631
5650731
5640647
5633106
5677209
5640069
5694703
5793695
5824940
5870429
5839600
5798304
5770291
5759904
5713367
5704567
5706208
5703004
5733862
5683507
5679361
5682562
5681864
5713412
5718401
5822402
5874676
5891887
5881365
5828865
5796437
5782279
5769921
5739798
5738050
5738306
5730088
5712065
5712365
5712891
5706869
5699581
5707154
5828873
5893955
5932378
5921265
5874764
5832435
5813926
5798210
5820759
5774664
5766395
5761214
5742772
5746070
5745092
5739859
5745739
5746030
5739702
5834335
5904779
5940548
5929496
5894701
5861885
5830356
5817529
5810520
5783141
5782192
5776202
5776245
5765594
5764050
5770797
5761548
5789376
5782738
5873249
5919531
5973706
5950345
5903816
5863174
5831142
5841242
5816149
5818102
5803682
5781314
5806348
5803089
5810064
5806607
5835146
5804470
5797493
5798894
5813561
5791769
5795604
5825090
5891168
5924895
5888663
5860675
5833869
5823723
5842565
5834192
5832506
5819888
5844395
5819071
5809660
5813213
5827468
5803664
5806935
5804758
5793807
5794645
5792759
5800799
5814455
5894592
5936874
5914215
5907842
5866188
5881513
5857161
5843662
5847466
5849616
5823542
5829742
5833016
5821587
5800044
5816544
5823159
5819796
5833088
5859556
5816495
5816391
5830616
5900949
5946780
5925947
5904450
5868740
5867032
5873585
5872420
5859236
5829852
5848542
5857471
5851972
5833625
5849162
5847704
5859000
5848154
5866719
5851023
5869490
5955533
6002506
5967046
5951771
5913394
5915944
5948602
5899480
5895012
5878497
5871546
5879491
5880346
5880812
5863334
5868999
5870528
5873214
5890123
5947592
6011552
6017454
6002390
5945755
5954184
5947870
5944963
5918937
5916649
5918295
5916011
5909026
5897714
5898902
5908127
5896865
5877161
5896032
5894674
5904256
5887772
5926153
5997753
6033806
6030648
5972194
5956058
5963148
5952057
5932456
5935315
5929306
5940330
5919428
5933429
5923159
5926296
5933939
5903412
5916177
5919031
5970354
6066756
6068274
6061908
6053956
6005331
6011512
5992459
5985728
5981501
5938893
5956776
5961155
5952368
5950045
5949313
5943341
5950552
5959713
6064004
6090558
6099196
6113704
6071190
6041758
6036555
6010746
5981046
5991535
5991460
5993511
5987230
5973584
5979182
5970354
5957185
5998877
5962423
5966297
5966251
5979842
5969430
6033015
6079826
6053878
6031819
6000699
6012249
6022251
5997707
5983168
5988630
5975444
5991104
5975163
5977423
5986046
5952312
5965279
5972214
5973127
5974755
5994393
6064706
6105070
6077623
6072990
6021751
6028744
6029590
6016081
6000727
6006580
5990986
5970512
5993072
5993017
5989542
6004225
5981702
5985952
5982624
6000973
5996569
5979321
6026072
6102609
6133627
6084358
6062159
6036465
6062711
6029437
6032232
6016811
6016460
6014717
6008030
6003763
6016436
6000678
6000495
6003239
6017120
6001635
5992062
6014456
6076009
6128549
6115292
6100911
6051203
6079847
6050370
6046437
6047525
6066144
6032655
6024565
6028240
6002581
6018027
6018951
6021026
6025045
6013825
6013572
6043004
6104978
6143118
6138501
6116905
6075569
6078883
6066199
6066913
6046522
6054898
6047265
6050986
6047844
6061842
6035730
6044781
6029379
6021332
6079592
6157856
6182315
6158414
6160936
6129871
6109085
6074893
6091867
6080320
6072435
6090478
6067225
6066975
6068189
6077134
6066020
6055249
6083258
6167588
6222816
6225144
6231235
6189315
6193326
6149572
6134764
6129934
6151394
6111987
6112495
6109626
6138474
6095769
6098188
6100472
6132906
6148532
6229621
6265258
6305084
6249254
6218272
6185608
6191129
6151990
6146758
6137097
6166564
6128695
6126675
6125309
6153696
6112421
6113651
6114654
6198271
6243709
6270501
6274445
6262308
6222402
6193105
6171408
6167301
6154726
6161277
6139770
6140593
6141994
6136145
6130526
6135075
6122554
6132324
6181453
6261085
6280822
6298245
6283618
6222952
6201219
6195440
6192840
6167751
6166272
6165954
6173067
6151217
6147311
6152176
6151093
6133735
6138524
6137091
6147711
6128183
6126641
6150003
6223164
6223554
6198733
6165295
6166075
6160667
6163303
6155512
6148168
6137190
6142981
6144079
6144472
6129723
6133005
6132954
6138153
6120779
6125066
6126571
6130444
6116951
6154779
6229132
6226908
6205643
6187281
6155846
6145208
6167121
6153011
6145919
6126732
6138096
6141145
6135752
6110891
6133197
6131102
6127865
6119431
6125787
6128077
6125279
6105132
6139811
6206684
6236855
6189284
6190840
6172528
6173222
6159127
6172474
6158208
6155138
6128870
6149179
6151483
6142661
6124261
6148240
6141208
6139775
6117383
6138691
6142071
6133815
6141830
6240534
6243152
6215309
6178525
6176569
6195455
6192082
6202470
6168920
6168603
6178620
6192329
6160246
6167786
6168106
6194214
6154598
6154862
6190218
6271307
6268843
6265555
6249318
6233098
6199822
6202085
6192336
6196898
6178219
6180116
6169078
6178153
6169664
6169176
6158034
6185411
6164210
6217983
6274795
6292701
6288646
6265783
6242368
6219064
6217812
6215881
6197651
6194654
6197347
6188403
6162715
6191216
6181908
6185188
6172085
6175175
6181648
6180974
6198595
6181566
6241439
6294014
6273490
6227530
6212908
6208968
6219284
6211514
6200642
6198434
6199959
6196789
6205140
6209072
6186849
6192727
6191805
6188930
6184259
6186275
6195047
6241128
6294834
6288640
6275617
6271542
6231055
6233604
6222805
6218953
6205497
6210884
6211677
6200203
6206478
6204216
6216845
6195425
6192114
6198502
6200660
6191477
6194292
6241274
6275939
6299543
6274538
6257497
6255149
6234853
6239078
6234443
6261327
6214926
6217536
6215216
6224768
6205398
6206509
6194081
6197629
6208305
6233667
6319512
6318553
6308012
6286420
6234740
6247928
6252833
6251482
6262139
6230709
6232869
6239606
6250521
6220935
6222380
6207250
6216146
6221617
6283552
6355982
6343433
6340543
6298811
6258939
6269967
6272454
6269067
6290343
6247291
6250963
6247382
6256543
6235532
6241260
6226696
6230391
6247208
6325108
6387171
6362207
6350415
6302602
6286602
6282590
6285293
6280600
6308836
6261309
6260518
6251215
6261164
6248748
6251036
6244397
6243657
6313423
6380650
6403104
6383195
6348258
6316240
6290442
6295102
6300967
6287973
6310621
6275245
6274900
6261115
6272424
6261756
6266320
6270925
6286150
6375752
6403180
6400840
6387211
6336947
6337084
6351247
6308408
6304781
6281654
6287794
6288914
6284635
6288831
6279097
6276197
6286277
6286221
6286976
6373842
6400552
6379638
6379909
6337276
6334696
6328645
6311350
6309203
6311443
6294067
6299567
6296404
6299887
6287218
6286230
6278681
6273685
6320884
6406077
6408687
6420169
6375110
6340177
6345034
6324231
6319814
6312810
6285293
6297944
6305835
6309568
6335680
6293073
6291180
6277962
6291506
6337222
6410834
6422462
6397633
6363655
6332935
6307453
6330905
6321001
6329670
6337547
6309839
6311853
6303478
6298187
6302887
6301092
6300622
6297886
6341470
6406005
6441490
6389651
6358857
6323047
6333525
6330796
6324990
6332169
6308074
6309210
6307453
6300081
6294989
6303030
6296926
6323159
6298748
6365489
6407839
6393247
6378086
6332039
6324726
6324772
6331038
6326197
6350124
6304329
6306555
6296182
6301396
6292331
6303304
6309878
6289273
6336379
6405916
6406012
6398106
6360586
6349309
6345242
6331644
6328715
6322993
6311985
6319559
6316969
6326637
6313161
6310745
6308039
6308568
6306723
6379894
6411886
6410036
6380412
6348583
6373619
6345679
6339884
6327918
6355812
6319499
6326927
6309045
6321197
6314621
6309634
6318509
6311659
6361412
6426834
6424271
6392884
6368650
6338103
6348834
6345902
6337975
6341231
6324696
6324504
6326336
6299887
6315095
6322198
6326234
6353982
6351780
6420722
6420995
6411581
6373241
6363105
6362547
6350173
6347853
6330099
6313828
6332313
6331634
6340707
6339788
6321220
6325392
6316774
6321300
6390755
6435167
6427218
6390914
6352418
6359453
6385837
6348859
6350988
6331354
6343095
6334973
6332447
6338401
6326072
6323326
6331049
6298190
6363157
6430924
6431675
6436984
6365924
6360835
6353320
6360387
6344948
6351096
6349301
6333502
6337214
6327464
6314542
6333567
6327573
6338432
6357660
6405966
6426464
6410729
6368581
6358583
6355202
6345290
6349123
6342888
6348931
6350869
6331510
6333876
6336666
6320701
6328888
6327001
6323871
6362645
6420574
6410994
6412279
6357443
6365561
6357070
6354333
6353476
6347426
6358982
6339026
6337744
6331834
6361122
6328154
6335219
6322389
6355449
6412483
6424723
6408858
6371601
6361197
6373673
6349068
6351555
6355300
6354146
6385855
6342381
6338818
6327873
6333302
6328243
6337567
6308524
6391222
6434749
6415871
6427688
6360306
6361531
6352659
6356736
6346609
6353686
6326318
6339444
6345603
6348510
6366873
6334215
6335709
6330219
6373035
6426266
6431017
6369974
6364401
6367857
6379828
6406033
6358545
6351234
6337568
6349067
6345274
6353537
6324087
6337395
6340000
6345337
6400776
6434136
6435343
6401232
6381907
6367200
6383726
6366169
6359685
6355771
6351894
6360158
6349014
6347180
6346885
6346182
6335919
6345268
6375059
6427990
6448080
6430115
6409358
6372569
6379419
6367032
6368329
6356190
6365151
6355535
6351188
6351972
6350983
6352548
6350782
6351680
6351993
6415888
6445295
6429309
6407357
6375212
6388791
6389452
6388712
6373433
6370568
6365201
6367938
6360332
6368746
6370632
6353351
6359084
6353742
6401377
6459427
6447601
6423364
6395050
6388839
6400705
6402460
6376438
6377321
6364974
6346856
6370548
6369177
6377428
6368854
6358149
6364454
6430523
6461942
6464220
6434030
6391350
6395103
6401587
6398711
6388142
6375733
6381344
6392062
6369762
6374560
6362076
6344968
6366477
6365579
6410710
6470376
6468684
6454065
6426882
6398058
6410361
6401424
6394566
6384929
6387010
6385575
6382077
6373431
6381628
6387935
6366030
6371906
6398708
6459594
6485679
6470672
6426836
6411192
6412088
6419020
6374973
6390073
6393391
6397554
6425130
6378199
6374767
6358165
6365819
6364868
6406578
6449106
6486736
6475484
6446525
6448073
6410558
6403153
6391858
6389276
6383952
6392213
6358493
6378099
6382937
6387691
6416937
6376103
6386595
6444235
6488220
6475747
6455665
6426119
6413143
6421481
6397021
6398917
6395282
6395191
6401505
6391931
6383170
6382891
6412146
6376490
6397202
6447919
6493654
6491172
6461342
6424225
6426273
6419990
6424390
6406036
6394522
6400756
6412331
6389430
6393445
6383321
6376454
6381479
6394947
6477694
6503418
6484824
6471377
6404986
6421293
6419667
6423474
6443972
6398666
6393517
6387099
6389612
6384173
6391430
6364811
6376790
6391233
6432698
6496372
6489694
6466745
6425819
6432376
6429099
6436853
6416483
6404671
6411123
6389145
6398937
6403816
6408939
6439968
6396211
6398055
6454728
6505803
6504578
6483881
6474279
6434776
6439942
6428759
6418637
6419104
6407278
6385441
6410901
6408392
6415829
6405730
6398264
6408153
6472945
6510037
6515103
6494101
6485826
6442630
6439951
6432061
6425419
6417950
6419155
6443495
6409765
6417995
6407105
6421861
6404512
6410037
6464709
6511191
6507319
6500566
6449615
6439744
6450627
6448787
6429327
6428915
6431992
6455801
6421003
6419799
6430323
6414168
6409864
6411706
6494870
6521733
6527277
6507915
6467275
6456151
6461011
6486855
6442126
6433527
6425712
6423650
6424632
6422802
6451551
6415182
6422043
6415790
6452497
6528130
6527743
6506630
6480161
6457482
6452179
6459027
6446470
6449859
6412558
6431306
6439854
6422964
6429904
6425377
6430078
6437280
6426306
6466791
6541864
6530868
6501401
6472190
6459471
6456933
6464674
6443794
6449323
6436837
6441417
6449937
6434183
6424178
6436188
6428636
6418096
6433353
6506398
6530399
6523326
6504248
6502660
6467495
6460773
6452852
6444027
6441621
6437719
6468769
6431487
6438647
6428066
6423793
6428696
6419921
6421461
6514339
6536851
6534005
6498914
6465950
6478735
6466654
6459445
6462630
6445890
6456886
6446767
6448998
6458920
6442879
6436061
6446225
6444424
6431560
6434448
6441095
6428912
6458511
6514382
6504415
6497165
6480271
6478207
6476613
6466857
6472907
6432707
6449487
6455558
6454886
6488229
6447864
6443534
6435970
6441061
6439922
6447859
6426385
6511607
6537581
6501852
6510764
6470174
6480374
6491751
6469005
6459756
6456713
6484403
6452467
6454774
6466085
6445157
6450949
6444036
6445111
6445186
6498704
6529020
6515206
6492313
6482652
6458009
6477618
6480949
6460848
6469899
6460583
6464540
6477769
6460043
6452466
6464869
6461240
6448348
6489474
6554459
6552479
6542766
6504329
6530208
6497144
6491774
6491536
6478716
6470484
6480878
6476573
6463902
6466322
6468777
6457307
6464165
6502023
6598378
6586302
6579110
6563128
6510893
6508218
6516599
6498305
6483852
6488902
6473708
6482115
6484056
6486900
6509629
6479409
6474973
6516124
6583840
6604051
6603211
6568317
6523360
6534112
6494168
6507737
6507717
6485667
6495683
6496949
6488043
6483460
6488026
6484682
6498215
6510497
6581296
6622583
6607597
6575549
6541113
6520856
6524292
6519519
6502098
6475452
6501090
6500055
6486310
6489830
6490749
6491780
6518278
6506222
6598998
6638388
6619920
6606519
6560573
6585082
6533579
6528799
6534975
6514844
6506996
6517397
6503376
6496212
6501202
6496149
6487462
6503933
6585687
6667960
6628965
6620631
6580069
6550046
6541698
6544679
6529587
6520622
6529344
6550591
6510943
6518913
6524365
6502646
6507637
6511179
6540723
6499337
6499952
6512651
6519982
6582649
6612880
6583333
6550744
6543936
6559564
6528570
6532787
6524559
6509736
6516491
6505443
6491610
6504096
6502133
6490577
6498017
6495247
6501460
6498090
6538066
6601597
6586276
6560887
6538600
6529111
6529196
6528173
6520139
6503755
6509143
6508579
6504469
6510513
6500443
6503084
6489747
6492623
6499412
6504610
6534462
6490862
6494596
6553805
6586912
6564258
6551672
6528047
6525169
6538514
6514291
6511026
6518078
6499892
6502618
6507689
6495855
6474001
6497589
6496675
6484825
6491641
6488712
6523991
6587821
6576488
6559840
6512534
6522332
6534452
6516580
6519186
6510996
6505439
6494706
6502245
6502110
6493568
6494729
6495098
6501798
6524440
6488954
6496648
6502406
6495944
6567829
6583530
6589595
6548708
6524465
6541402
6532513
6522413
6512351
6509835
6510975
6511573
6540998
6501042
6505742
6516241
6493790
6500767
6520549
6615047
6604222
6588914
6566486
6535474
6543469
6529414
6528662
6520936
6516420
6525642
6510847
6512950
6498888
6504077
6505556
6496427
6520743
6579109
6613072
6589969
6602056
6556073
6554211
6541275
6536067
6525316
6526837
6514820
6518714
6489582
6506983
6510570
6498968
6509032
6507505
6545080
6593365
6631549
6623396
6575709
6559267
6556782
6555064
6546836
6533893
6543390
6563653
6524872
6531851
6536809
6517212
6523306
6521027
6574738
6631154
6651302
6664104
6613375
6574452
6563406
6559422
6551847
6544622
6542925
6534372
6539980
6513041
6526967
6531304
6510939
6520115
6550222
6620162
6630289
6652751
6632048
6598182
6574942
6563646
6566451
6549112
6541333
6545537
6573341
6533097
6538756
6545136
6523086
6530880
6534067
6562982
6518683
6520574
6534153
6551914
6617049
6644031
6613839
6588408
6562006
6575827
6555428
6553296
6517762
6535033
6537453
6523655
6542014
6529262
6523375
6519025
6520807
6519681
6519319
6572484
6621388
6620407
6605084
