266321
270439
275587
281216
287154
293128
301317
311162
322066
324638
342962
361598
379982
397163
413379
438778
362848
340903
324027
306507
302408
302007
309385
320838
335496
314660
369716
389336
411139
433445
458037
483470
504252
515543
514119
494832
376565
377535
408632
450258
495060
531711
560140
573563
562038
525220
480289
450487
442196
448600
476160
526503
579624
614207
628495
616786
567891
508737
485771
563473
688269
671726
600083
545519
525344
547266
623881
707016
750502
712679
630932
596045
616140
699873
774693
792774
719799
639817
649918
721391
826923
859081
758330
685452
887482
876360
767397
730846
808102
918097
926028
800297
774732
873127
1001917
925454
810171
842311
1010662
1017963
877300
989821
976370
865362
945093
1100605
999355
883493
1025525
1147304
988902
967035
1140096
1101891
962976
1092165
1211848
1017110
1066275
1260235
1099904
1077193
1272352
1147344
1088415
1322571
1195026
1123510
1378030
1211674
1232976
1386140
1306606
1240863
1494940
1256759
1433394
1431236
1335853
1563313
1331306
1582691
1435111
1521367
1562171
1489306
1661277
1467504
1743341
1486354
1800606
1539592
1823799
1569460
1880446
1616521
1890271
1714714
1866193
1818720
1822277
1987930
1777802
2075494
1837980
2015439
2079473
1907660
2210738
2038648
2137392
2036242
2043730
2032705
2073998
2049913
2032329
2054591
2029237
2096108
2050110
2055761
2068379
2044450
2049016
2065372
2152660
2089332
2080587
2112717
2094730
2103117
2092492
2157478
2118752
2141146
2132806
2118590
2147404
2164111
2137215
2132767
2147866
2190712
2182053
2174865
2187515
2161830
2168072
2202335
2125926
2067746
2063546
2023590
1986660
1985865
1939450
1958021
1916482
1916285
1885421
1967157
1923677
1918529
1926969
1973022
1932779
1940642
1965215
1982126
1976837
1978229
2011639
2000103
2053685
2037324
2044405
2107131
2053392
2056901
2095278
2090653
2088195
2113002
2148032
2136536
2140290
2166578
2192807
2182917
2187729
2227553
2196772
2224996
2263743
2220278
2220640
2244011
2222956
2251900
2300786
2247711
2271601
2310096
2298155
2317814
2308572
2321028
2323701
2337620
2334353
2330680
2334772
2347480
2387077
2355368
2379767
2367446
2379463
2380966
2380671
2390508
2444100
2391136
2400095
2418679
2418652
2433019
2453228
2468735
2459082
2471759
2491272
2463871
2485275
2486079
2486027
2541076
2492026
2482340
2494961
2497369
2560864
2506137
2503203
2549208
2555438
2562438
2565945
2585230
2565406
2577997
2577375
2594724
2589915
2594045
2620354
2602202
2647120
2605366
2590795
2605270
2620181
2623433
2667793
2689173
2657571
2733620
2668857
2683450
2690659
2689734
2703660
2718381
2736377
2715165
2734450
2699886
2710082
2709356
2714208
2725148
2747710
2767823
2789962
2773891
2793089
2773217
2796232
2779204
2789491
2787197
2794596
2794829
2802554
2803367
2809387
2808199
2815045
2814187
2824704
2850989
2866528
2867603
2875271
2868163
2872767
2871696
2879131
2875856
2880443
2878487
2888297
2885087
2899104
2891454
2910171
2899861
2913275
2940747
2975301
2969664
2977710
2969202
2963586
2965388
2984649
2975277
3010061
2999295
3017123
3003754
3001042
2981380
2994402
2981811
2985093
3034793
3019916
3091306
3058334
3057609
3051418
3056832
3039244
3057071
3096042
3062003
3092570
3075394
3079189
3075100
3079074
3081880
3080266
3091280
3081499
3081014
3076843
3096007
3106913
3161768
3155067
3148657
3145746
3186078
3183208
3180594
3148947
3156823
3206578
3157005
3182566
3177524
3172832
3155559
3163311
3211150
3164836
3182340
3173637
3202958
3242020
3249524
3261915
3244885
3248647
3261058
3273762
3253458
3276388
3280842
3277694
3245699
3241482
3310927
3270904
3253322
3224462
3237829
3276911
3237473
3239243
3233909
3282039
3331318
3321420
3323618
3327023
3335549
3321005
3353920
3352482
3343932
3345041
3325554
3353167
3320384
3337719
3369691
3328802
3331959
3336825
3333880
3341605
3404484
3414479
3424284
3438240
3407164
3451934
3438097
3426638
3473626
3439807
3432963
3444411
3429478
3438169
3438931
3436400
3432370
3434162
3425113
3426128
3466768
3498214
3544556
3534629
3512357
3562518
3529432
3528344
3554205
3521768
3521764
3527825
3525048
3538378
3518096
3529633
3524234
3502938
3533299
3523847
3589983
3603807
3605340
3632456
3589998
3596934
3610655
3605715
3618297
3594325
3620200
3602615
3603562
3623112
3601775
3638272
3605096
3603850
3644769
3668422
3683124
3693455
3683503
3693938
3679367
3715589
3679928
3716421
3681271
3672150
3721590
3662248
3679834
3681752
3670240
3675193
3665071
3668147
3652737
3661869
3680481
3741820
3774542
3745114
3739579
3738765
3765418
3738129
3736747
3739605
3730414
3744802
3724736
3755414
3716357
3768094
3709439
3721452
3742106
3728751
3735197
3801001
3826892
3827537
3842322
3813880
3851167
3816256
3872609
3805300
3812340
3818347
3835920
3805274
3803455
3806152
3794678
3806175
3792296
3819615
3863071
3928500
3893822
3873984
3885122
3894029
3883430
3889038
3880711
3885036
3868302
3887798
3854807
3893329
3864276
3915368
3854261
3860695
3932861
3962123
3967684
3977339
3945766
3974854
3950314
3977661
3925044
3927599
3941988
3949530
3927788
3924220
3925235
3929003
3916068
3929150
3959778
4037526
4033142
4075073
4033711
4016451
4019355
4020216
4018646
4019104
3998848
4024986
3991570
4038686
3978613
3972990
3992219
3983127
4018429
4089114
4094302
4105759
4082702
4093529
4091174
4093188
4080497
4098832
4084529
4070994
4065125
4070704
4057357
4058541
4041043
4038510
4039180
4141767
4185848
4161406
4156016
4138664
4137900
4152056
4143997
4144962
4123507
4138142
4118486
4135474
4116018
4139490
4109185
4092187
4081024
4079154
4066203
4073210
4050931
4135334
4200082
4252398
4212923
4203135
4196104
4191317
4191176
4187066
4178291
4168892
4162407
4157513
4155269
4147496
4154318
4151856
4120777
4113712
4107979
4169489
4265197
4271547
4278185
4266314
4247120
4251051
4254225
4262705
4243552
4210294
4211626
4257369
4226617
4206023
4173762
4176328
4191967
4171884
4320250
4328891
4348396
4336474
4317475
4313477
4314911
4318387
4307746
4298244
4295358
4283115
4263987
4260053
4276033
4259325
4221253
4229144
4218829
4218765
4262920
4229021
4281803
4378492
4409841
4438160
4397005
4384856
4384926
4378510
4379389
4365033
4353131
4354652
4340918
4318916
4322559
4321270
4298260
4308932
4303200
4303501
4360489
4452610
4506276
4466348
4446019
4435101
4432841
4441158
4421444
4419477
4399819
4390696
4409739
4384385
4391077
4392309
4395910
4340831
4348591
4441395
4501801
4529186
4537459
4513285
4504030
4495191
4504182
4484201
4485509
4472750
4452279
4503443
4442172
4440108
4487180
4428754
4427644
4457624
4557356
4596212
4602316
4595483
4563653
4578707
4553695
4579415
4563715
4564206
4534096
4534840
4521237
4511470
4507894
4503506
4491160
4519386
4610068
4674189
4656713
4701762
4613155
4628464
4639834
4625215
4614261
4606293
4596274
4593006
4576744
4581285
4553685
4569845
4561705
4563935
4647895
4705667
4717529
4702435
4690011
4685671
4685068
4697612
4659790
4703782
4635897
4632666
4634051
4621058
4610680
4610451
4592625
4614318
4706345
4771905
4777735
4775621
4736467
4743622
4733710
4728432
4727326
4707405
4701662
4690668
4680329
4704033
4644503
4650068
4650453
4667983
4781295
4824250
4830327
4816519
4814605
4785238
4787732
4803008
4741314
4726321
4711636
4708499
4694150
4683767
4689187
4648402
4670819
4689900
4814766
4834355
4848070
4841766
4816333
4804914
4809379
4821679
4786403
4777694
4753522
4742675
4745140
4732337
4716816
4731374
4694473
4743350
4867314
4879344
4896470
4877907
4854114
4854036
4861629
4834885
4839489
4861689
4797325
4786888
4774761
4763677
4759801
4760591
4725791
4794297
4914324
4932211
4953027
4934559
4903763
4894393
4910386
4908180
4872393
4861823
4835284
4824169
4824128
4811822
4789968
4783119
4796080
4783664
4907461
4968720
4994977
4993370
4964613
4950373
4959212
4934424
4912748
4897450
4876685
4866970
4857493
4851301
4818901
4830983
4854254
4792501
4793547
4898818
4997958
5025555
5040996
5009095
4973289
4974933
4963443
4952400
4934503
4907409
4892256
4918310
4925549
4864239
4853541
4837567
4824141
4821463
4838942
4820301
4814276
4840673
4899673
4991241
5033873
5026791
4994181
4978832
4948235
4920826
4912170
4894860
4882112
4871525
4885239
4879728
4853660
4854816
4844617
4844890
4854596
4860661
4852000
4826382
4848102
4960784
5039000
5063123
5060040
5019301
5011416
4999839
4971222
4965702
4947062
4934856
4921826
4905436
4896374
4917849
4935739
4897182
4897174
4906981
4904252
4901738
4965131
5058707
5115642
5121647
5091984
5058363
5040570
5007904
4994138
4999557
4987009
4972613
4964865
4954731
4959219
4962845
4947212
4950198
4947455
4991025
5101559
5160434
5187254
5155557
5129849
5108859
5103099
5085724
5085158
5060953
5042856
5034601
5022566
5016956
5003339
5012498
5007318
4993887
5073797
5176704
5224640
5226888
5190020
5148216
5151313
5147119
5142268
5133949
5106088
5121851
5088655
5065016
5057375
5047104
5031867
5026966
5073841
5190952
5253216
5276069
5266099
5241421
5190277
5191357
5183987
5171899
5157520
5150388
5158728
5162257
5100196
5090968
5084235
5078591
5065967
5129882
5231118
5287843
5312026
5292091
5265350
5208991
5222015
5213541
5205965
5194059
5183263
5205087
5174818
5130542
5122282
5114503
5102688
5140919
5252934
5337282
5357400
5348112
5297765
5262152
5317596
5258999
5245801
5220419
5197698
5190677
5173586
5168966
5157827
5156619
5142642
5155394
5218370
5337757
5377199
5392524
5357164
5309301
5301875
5298240
5281472
5267398
5238185
5201966
5213902
5193578
5184909
5184390
5183446
5167572
5199104
5232680
5327923
5379874
5394363
5379137
5306877
5307827
5301089
5297358
5284781
5249489
5242523
5234926
5221729
5216083
5196562
5191780
5169549
5189360
5190606
5196646
5201210
5205845
5323613
5365139
5396805
5405519
5363598
5328637
5331045
5301377
5288445
5273536
5253662
5247287
5240757
5245887
5238331
5236856
5222726
5203313
5226710
5220258
5268487
5379910
5435790
5430741
5417370
5385612
5357348
5338536
5325474
5326761
5324201
5278337
5273430
5273694
5265399
5280844
5257548
5260260
5258692
5261816
5274160
5303504
5296319
5376214
5438727
5454228
5438640
5433097
5382797
5367185
5341956
5319115
5336304
5307304
5309666
5300415
5298199
5307961
5331361
5313970
5291030
5313288
5422097
5499525
5493328
5504933
5474867
5440011
5417502
5424960
5392651
5377116
5365672
5365866
5348272
5354910
5347509
5344221
5349706
5364405
5451776
5574565
5564025
5558608
5516246
5487861
5521339
5464334
5453069
5435466
5426651
5391415
5398919
5395177
5399032
5397804
5385000
5414708
5532819
5589632
5612746
5582177
5552823
5539373
5522666
5506859
5502521
5515226
5464237
5450828
5448620
5428421
5412581
5450499
5424342
5524824
5624844
5665685
5714018
5621005
5594399
5581993
5565170
5597184
5534167
5520147
5511271
5506521
5485458
5465747
5465367
5453674
5477890
5587040
5674198
5699050
5679604
5630608
5597702
5604449
5594148
5575114
5557319
5517550
5522445
5512153
5500644
5483026
5496337
5479946
5514560
5639316
5705059
5730457
5700921
5659781
5642137
5621433
5589990
5597806
5584017
5563292
5541253
5527268
5524353
5517369
5516682
5506662
5575838
5672314
5739436
5762010
5724147
5666673
5667720
5657941
5639463
5626792
5585820
5581820
5573044
5558603
5553410
5521198
5535732
5541827
5613170
5713284
5755797
5788718
5762243
5719907
5695050
5692238
5659949
5647261
5624661
5589758
5593226
5580554
5582318
5569354
5551172
5566898
5623779
5740477
5800938
5845748
5784132
5737235
5713685
5687696
5683079
5663409
5638183
5626708
5606487
5602523
5599527
5589544
5593149
5578149
5580439
5583701
5576957
5582376
5568806
5619329
5713317
5742187
5748441
5717817
5668053
5651199
5639355
5635568
5636033
5610830
5613683
5616894
5618106
5623310
5599583
5601139
5603399
5604156
5612270
5586869
5589121
5648072
5733236
5756223
5764469
5741245
5700572
5679772
5670369
5639719
5638952
5637575
5649725
5665342
5622998
5623319
5621845
5619082
5656737
5611515
5613018
5610475
5593542
5634749
5650837
5739843
5761961
5771702
5743580
5714407
5700569
5678840
5684891
5662336
5652956
5651964
5640808
5645231
5648598
5643687
5651639
5650635
5638503
5650433
5722649
5801617
5829088
5818609
5783308
5751873
5731729
5730595
5697231
5698049
5696184
5698254
5722108
5678835
5677586
5672830
5647823
5679267
5751482
5835554
5877375
5903524
5833108
5795166
5785920
5778342
5737348
5730701
5729001
5716950
5694019
5707641
5708963
5706561
5712121
5739070
5804696
5883011
5908998
5890363
5868177
5841795
5821640
5785376
5775201
5763425
5758307
5765259
5766963
5741280
5740295
5739538
5728115
5729317
5856521
5932785
5965329
5941434
5898442
5870353
5861163
5829330
5821797
5796014
5782867
5788650
5788128
5765284
5762167
5755929
5750318
5789347
5876680
5953653
5970764
5962120
5921682
5892052
5866150
5861352
5825511
5818127
5808044
5791110
5784550
5786401
5792407
5782422
5764462
5802769
5905093
5986341
5994795
5991115
5947570
5917181
5880138
5890153
5849165
5840792
5818316
5802464
5814207
5814844
5814705
5792251
5797807
5819906
5932304
6001944
6039811
6016989
5975941
5937622
5900089
5887660
5872658
5857216
5837901
5835740
5837709
5837001
5827691
5794448
5814143
5819196
5821747
5826856
5817709
5803560
5821716
5906177
5984372
5947499
5915016
5893200
5846731
5852534
5850659
5849911
5852831
5839662
5830297
5836803
5841082
5870740
5829856
5821211
5823339
5839618
5816920
5819477
5815008
5814874
5910345
5924068
5917690
5885396
5881073
5866863
5867416
5858562
5842362
5842229
5848562
5851342
5843535
5815014
5833298
5838929
5840661
5839938
5837082
5827728
5837548
5889493
5983147
5955973
5952255
5939817
5873863
5891970
5890683
5882755
5865992
5871131
5867099
5878402
5856770
5862408
5861176
5864149
5869902
5832921
5852607
5860041
5894337
5983036
5981646
5982237
5973839
5922216
5915079
5915656
5909962
5891467
5920829
5891979
5897713
5887549
5894238
5885489
5883429
5877117
5895131
5911968
5993510
6009185
6031396
5993480
5958138
5956259
5925505
5923245
5921367
5922325
5909450
5940532
5909683
5915630
5907245
5919194
5908811
5918185
6001617
6051550
6068826
6067133
6029375
5985421
5972823
5961821
5956914
5965466
5941648
5942323
5939891
5950840
5951436
5926948
5931318
5948166
6043901
6079691
6117611
6106037
6090620
6030383
6007457
5982856
5984451
5974584
5976361
5964596
5988993
5959495
5963295
5952041
5954877
5955925
5949618
5945983
5962768
5970545
6055464
6092498
6108818
6074293
6046913
6022010
6014452
5991185
5988451
5984526
5997206
5981449
5974674
5981996
5961242
5963831
5970907
5965262
5952801
6009156
6044971
6107587
6138274
6160799
6094135
6067694
6033300
6043979
6010147
6008108
6008483
6021087
5994705
5999873
5992594
6012890
5982314
5987961
5989875
6017633
5978442
5977912
6043803
6064960
6060294
6046546
6019192
6038605
6023332
6008367
6011222
5978456
5996717
6004067
5991626
5980586
5996808
5987677
5987457
5986780
5985732
5987783
5995850
6046108
6110023
6118317
6113178
6058147
6056224
6054191
6031706
6009783
6031286
6021984
6019841
5995612
6013457
6019728
6007486
5985532
6012681
6008009
6007959
5994850
6027016
6105618
6124506
6128805
6135632
6091816
6086160
6045661
6051905
6055213
6055217
6087265
6041727
6041268
6047448
6039147
6027711
6035770
6032522
6057235
6068695
6137853
6171374
6205089
6150853
6123222
6096926
6097847
6073063
6070076
6054023
6086641
6056962
6058421
6057616
6064960
6048139
6053161
6041930
6079153
6041755
6046639
6100157
6171862
6157806
6156565
6114750
6111448
6094537
6095290
6077348
6074926
6076665
6071768
6082372
6075144
6062006
6070657
6051756
6057442
6060850
6055393
6101846
6178518
6188953
6216222
6193860
6146908
6134854
6122225
6126193
6098392
6096712
6103644
6105306
6083941
6090244
6083742
6098214
6079071
6077517
6088882
6069488
6069761
6109818
6162262
6170402
6121162
6102610
6120426
6118749
6097947
6097322
6090678
6105937
6091703
6086323
6096675
6078888
6077663
6080764
6079311
6091837
6083655
6072287
6130928
6189254
6178075
6182566
6162862
6155230
6134561
6126626
6123646
6129247
6108756
6111696
6108249
6092976
6098768
6102820
6098625
6090684
6092929
6096121
6093356
6073284
6161290
6206436
6202844
6192274
6168072
6164839
6163887
6187486
6138579
6136729
6133457
6149700
6124456
6123801
6121734
6126497
6116916
6114951
6126253
6220573
6236220
6261531
6266058
6218093
6199513
6175836
6140726
6165995
6155884
6161391
6131052
6145364
6155215
6152983
6154669
6139520
6173047
6243880
6287661
6313717
6304322
6250233
6227604
6212828
6204925
6231173
6184747
6183728
6167201
6175797
6165587
6173878
6167770
6158903
6218311
6302461
6342740
6361376
6321919
6297481
6275850
6230083
6219612
6200454
6203359
6205265
6202158
6206464
6192297
6184413
6182521
6180480
6278725
6353881
6384515
6388610
6333861
6302161
6273172
6250525
6231534
6230838
6240598
6212509
6216891
6196112
6201532
6197704
6197803
6246684
6319152
6378759
6401180
6395415
6329509
6303124
6291107
6256417
6256474
6241290
6235531
6238748
6238774
6236793
6234623
6219709
6226034
6290108
6354369
6417620
6425763
6404551
6370840
6345566
6314630
6299709
6290724
6291845
6293768
6281343
6285300
6255403
6256099
6254274
6250203
6250071
6232903
6227201
6224203
6257833
6306744
6338901
6324827
6295159
6286788
6265923
6238331
6254956
6245009
6232754
6226627
6213366
6215880
6215366
6200315
6205435
6201612
6192462
6224313
6232460
6233194
6241346
6267333
6331907
6328650
6296127
6268726
6276642
6305678
6257569
6244863
6239790
6244823
6245356
6250438
6220220
6236434
6242777
6243508
6266762
6230937
6261722
6309208
6334713
6330498
6330692
6300195
6289763
6295472
6274951
6270269
6269217
6266659
6258618
6256082
6244418
6255805
6259075
6235462
6236087
6246214
6222837
6229232
6228128
6274570
6308130
6289972
6263412
6249128
6249264
6257481
6216169
6229625
6235056
6233094
6248387
6224315
6213571
6212791
6201729
6192954
6196431
6179589
6260448
6324518
6318095
6328990
6287157
6271612
6274107
6243772
6226962
6231395
6250471
6216698
6215627
6200369
6203149
6208846
6209329
6217459
6278934
6308829
6328495
6336535
6273499
6255179
6247963
6226599
6226461
6221515
6200759
6215942
6205407
6214121
6239407
6196641
6199447
6215916
6297345
6325339
6327915
6282196
6269045
6250541
6246082
6232662
6220911
6229290
6233423
6209601
6213009
6199778
6180681
6204757
6206440
6272709
6328770
6338320
6355920
6290132
6280544
6282986
6266408
6272287
6254840
6254754
6265757
6244648
6241897
6238558
6268357
6229392
6242052
6311239
6344825
6370883
6368821
6352538
6288165
6272264
6279793
6256648
6253069
6247797
6261271
6240243
6249550
6226974
6232316
6236738
6274595
6333971
6368846
6381368
6348722
6306919
6286498
6281741
6289663
6260574
6267552
6244522
6250044
6254775
6250421
6225944
6243758
6243791
6312878
6362408
6373809
6391179
6332996
6299091
6299105
6272561
6271361
6272918
6269147
6245664
6263324
6259856
6266513
6257243
6246418
6263312
6301158
6365568
6387508
6369657
6331564
6311094
6299772
6268982
6281048
6280146
6275681
6272955
6263339
6275038
6241793
6254591
6260566
6283421
6371087
6387299
6405195
6381160
6339027
6319355
6302532
6297679
6286309
6295741
6259438
6275340
6280681
6273779
6279072
6265254
6268649
6310004
6369590
6390206
6421207
6387723
6335013
6328972
6295529
