168867
198946
249733
271387
261440
224276
180428
162545
176909
190670
220243
282728
325643
347202
344780
329881
303896
283970
257584
241166
220418
215387
229348
256044
305248
335818
364929
378268
384523
382701
367183
350748
321027
303233
283005
274946
270209
273106
282017
306682
331748
374784
399040
426803
437513
441333
433800
427348
318617
392094
370216
349010
334050
318328
314017
307792
308843
312051
316893
325673
334729
457343
365920
387322
409136
512176
449293
473214
488480
504630
520822
530193
538694
544039
550896
555542
560400
542692
569145
574239
577741
580101
583445
586492
587200
587442
581432
580435
575127
559038
553773
541927
525613
518147
505283
502364
497292
496690
494053
505726
527157
567424
624203
673915
713254
739207
744941
722932
679459
638237
614449
605453
619442
652803
632477
762488
805962
833903
844724
821150
770947
720304
707915
735791
790774
885323
970044
999607
937860
847071
809280
826097
990710
1087848
1059178
945881
905222
987001
1121462
1164819
1049190
976832
1051898
1228768
1233615
1078545
1085815
1296778
1312030
1145114
1188463
1385149
1302118
1174943
1345779
1477017
1269229
1328085
1562672
1368666
1386300
1605489
1415484
1477851
1688761
1415145
1678810
1625646
1549183
1798526
1536794
1805276
1675674
1584322
1929700
1652553
1927648
1743034
1945288
1846348
1973451
1935506
2042273
1970885
2143216
2149303
2048497
2121084
2062355
2093537
2045311
2034200
2019786
2053670
2070049
2037189
2032540
2071061
2058253
2051038
2083393
2101986
2130137
2134113
2104543
2104218
2165375
2105354
2101690
2142596
2123951
2114452
2141248
2119640
2198559
2151869
2146468
2181178
2184871
2191377
2202123
2268718
2212658
2198220
2239562
2223738
2223040
2212705
2286938
2235609
2265174
2244813
2243943
2263709
2313947
2261424
2281890
2288479
2342289
2306201
2334871
2323728
2325498
2352946
2327987
2329670
2326936
2379126
2340007
2374130
2349232
2377388
2418339
2374892
2393838
2471617
2415597
2438909
2453453
2431411
2450863
2434116
2451256
2497298
2448265
2462288
2515935
2454943
2467712
2499649
2463707
2493314
2462645
2508192
2530161
2518700
2501634
2524715
2526369
2563220
2544770
2567565
2554248
2540716
2547547
2514871
2526582
2521751
2497236
2476342
2505113
2508021
2551403
2561872
2590107
2595489
2576677
2605484
2587372
2607083
2611629
2617465
2634987
2624819
2639879
2625969
2652952
2671365
2629677
2662496
2684127
2716655
2740719
2702486
2705733
2722301
2743311
2717617
2729499
2734900
2745818
2742202
2742269
2775082
2757068
2795857
2753366
2745809
2782730
2813112
2821010
2838361
2860583
2813315
2883736
2825986
2836904
2842832
2823202
2856395
2869622
2891359
2864460
2882626
2848810
2855077
2881455
2910178
2924421
2926179
2929097
2944851
2935115
2953991
2940542
2959685
2941521
2954864
2946901
2958880
2955227
2964897
2966542
2981519
2998332
3027932
3030693
3044600
3038901
3039052
3040443
3047980
3049166
3053624
3053117
3062322
3060863
3066813
3065850
3074111
3073155
3081366
3099028
3133818
3138525
3143185
3138654
3145248
3144787
3153956
3145479
3158264
3148870
3167370
3154995
3179724
3170214
3186332
3177949
3191468
3198251
3243785
3241242
3244865
3240551
3235703
3241182
3248723
3249409
3275145
3266755
3272414
3269027
3302116
3282048
3291713
3266217
3279339
3263937
3313360
3356416
3320676
3397710
3347478
3380936
3352606
3357506
3328507
3350843
3340120
3353355
3384626
3349719
3397542
3352879
3363526
3366956
3416138
3431769
3434970
3430885
3429977
3440604
3442784
3446583
3428797
3421902
3422364
3444113
3437915
3446221
3421885
3395085
3398788
3441890
3484895
3501608
3443400
3429271
3455719
3443427
3491124
3440060
3449071
3397533
3423380
3414317
3412203
3445000
3402202
3410311
3397018
3400740
3461497
3484817
3489243
3497317
3492302
3496174
3514383
3504393
3495367
3495736
3498513
3506050
3525370
3502762
3488184
3483300
3487777
3496799
3607193
3593965
3591313
3606084
3589246
3639497
3570844
3600837
3590773
3596522
3616685
3578069
3586395
3584136
3585841
3588914
3582381
3571583
3651981
3700677
3694334
3682916
3678200
3707803
3691829
3671175
3673830
3706897
3691254
3682649
3642839
3650830
3699751
3652232
3669943
3633869
3747657
3792183
3776105
3780716
3770744
3771793
3768967
3773332
3779919
3762980
3743174
3743764
3773447
3750533
3717603
3729265
3773829
3746160
3821993
3885037
3848064
3869766
3872649
3850849
3852928
3847826
3848208
3842145
3836289
3836076
3829883
3814513
3815868
3839730
3809494
3799298
3921683
3968173
3926826
3938622
3971128
3906475
3937019
3944539
3924502
3916450
3900034
3899303
3899778
3896977
3895947
3891963
3889774
3907304
4028313
4018166
4002644
4011472
4000897
4026404
4061063
4010861
3997162
3995745
3959087
4008764
3987015
3973649
3964598
3953959
3949679
4005479
4082942
4095490
4100425
4092170
4082813
4093541
4090052
4092937
4079817
4070635
4067761
4062958
4058180
4060585
4046147
4043925
4032050
4104679
4159912
4160894
4166445
4147859
4150355
4147835
4152237
4142452
4140068
4125229
4123776
4111863
4115250
4104846
4107979
4092041
4114789
4202697
4242965
4242463
4249893
4226440
4234734
4228895
4232522
4227333
4218114
4215918
4204475
4207405
4198107
4200028
4187308
4184879
4215900
4306285
4321372
4320251
4312972
4313455
4315948
4331689
4314742
4281318
4282947
4301208
4297163
4327013
4287353
4292781
4249975
4249853
4312315
4380529
4446463
4397844
4390585
4374494
4385768
4375099
4372009
4362001
4341412
4336554
4333798
4328818
4321280
4320238
4304472
4311195
4411850
4461265
4464934
4463765
4464491
4458465
4431640
4432309
4466546
4441114
4421136
4376456
4387592
4421123
4376776
4400120
4362407
4376768
4466999
4517922
4534755
4528434
4511652
4500034
4500368
4508130
4490559
4463219
4460202
4470087
4446816
4418620
4438906
4473953
4415532
4418499
4536047
4573442
4597733
4584112
4563773
4553432
4548490
4549614
4530087
4518991
4515125
4489019
4484298
4487736
4471774
4454392
4473549
4487486
4589093
4643720
4648772
4653825
4618067
4613770
4605373
4606046
4591468
4578895
4563292
4538235
4546583
4528510
4510696
4548986
4517309
4512888
4662137
4695395
4714489
4706969
4671466
4664158
4658521
4654343
4649120
4624339
4638356
4596446
4627719
4587319
4578607
4625537
4565184
4569911
4644764
4736473
4761638
4761658
4744101
4708857
4722811
4678782
4711145
4689521
4695016
4650899
4648686
4633155
4625638
4621132
4621573
4618459
4718465
4792102
4837438
4813357
4842469
4783392
4765319
4765726
4749277
4733080
4727957
4706330
4706493
4680512
4695263
4653176
4691324
4675891
4763163
4829707
4869175
4883294
4864495
4829649
4830500
4811644
4807841
4807552
4786565
4810762
4753734
4750299
4739232
4727760
4735509
4724835
4729567
4789822
4886189
4958010
4925280
4898546
4875522
4864462
4854243
4844078
4840676
4811430
4808344
4803656
4791586
4823748
4775223
4775520
4775163
4782107
4885711
4971707
4979176
4965368
4950769
4917941
4912817
4894634
4883164
4878149
4858359
4840585
4854988
4822724
4866666
4860753
4825349
4825485
4828358
4863715
4968423
5026875
5040421
5019449
4966335
4956871
4949722
4938861
4928354
4911796
4907341
4900676
4881788
4888416
4875438
4873955
4858320
4853794
4862470
4945547
5018786
5069668
5064649
5008629
4985160
4967645
4954051
4951664
4932680
4911785
4927833
4924085
4905038
4932625
4902766
4903487
4899211
4935015
5050088
5101864
5110762
5086722
5050881
5028323
5015919
5011060
5002261
4979840
4947617
4963467
4956298
4963264
4953680
4950965
4957637
4966286
5028210
5096217
5131348
5149247
5125496
5093856
5082554
5069458
5047355
5026982
5055081
5065875
5015047
5019228
5010435
5007569
5004984
5027337
5027298
5101106
5173186
5193106
5193177
5155792
5133576
5120411
5145103
5141915
5077308
5067500
5060817
5062354
5063463
5068360
5050403
5062800
5093793
5141805
5223602
5256735
5263595
5229319
5179587
5181738
5161489
5149113
5134642
5125367
5110512
5130764
5125508
5101201
5103960
5094578
5096353
5173917
5271061
5299615
5348818
5299845
5240011
5227277
5216866
5213362
5196491
5178075
5171026
5152172
5149648
5146175
5147412
5138155
5156667
5186782
5282064
5335543
5344338
5325712
5275731
5275532
5234413
5230177
5222576
5209387
5203870
5194536
5202657
5205575
5180193
5182193
5176529
5228221
5333013
5364931
5393706
5358974
5329323
5302512
5295566
5285584
5274564
5270788
5232025
5235352
5227649
5229662
5228462
5215223
5228403
5240934
5354823
5405223
5427337
5417351
5385112
5352137
5323806
5317979
5301302
5291164
5271534
5284604
5270353
5258664
5262321
5257151
5260616
5247319
5264405
5234559
5245701
5251105
5269707
5374140
5416850
5416577
5470676
5389123
5366197
5350539
5341047
5306654
5333991
5303946
5296464
5296832
5290983
5287326
5278076
5301427
5285961
5283557
5323301
5423558
5451236
5497506
5457523
5422642
5392193
5374429
5349493
5321728
5338214
5330143
5331215
5333751
5333119
5337439
5344317
5369332
5324701
5390920
5473965
5505061
5515152
5475999
5444617
5419341
5407061
5380905
5389840
5343253
5364391
5365562
5365048
5362041
5372479
5375762
5407948
5361499
5425646
5504125
5527569
5563613
5502416
5473217
5446289
5430914
5427408
5400716
5456767
5404362
5406935
5399878
5396120
5394108
5391488
5396914
5408656
5507900
5549036
5577490
5588659
5522219
5494754
5478786
5468339
5435619
5458313
5435387
5430455
5431571
5433731
5439601
5428424
5421413
5425776
5470371
5565186
5609952
5619917
5600670
5542247
5520355
5504511
5488941
5479796
5469132
5469192
5463234
5461566
5470824
5450865
5505140
5455901
5460557
5459766
5465318
5456809
5453053
5508292
5591981
5617489
5617286
5572417
5606319
5536544
5528073
5516249
5502744
5526335
5501272
5510147
5503905
5506286
5492705
5469833
5540511
5492647
5493720
5501180
5535396
5628032
5629137
5644829
5619381
5582350
5573900
5583492
5546627
5536888
5532689
5538033
5543089
5508321
5522565
5521655
5522872
5527127
5519743
5563417
5525086
5600586
5659300
5657960
5666867
5682305
5607425
5596900
5581039
5576740
5547795
5561509
5564624
5565336
5568059
5547124
5575571
5559447
5557662
5564802
5555014
5561595
5711547
5690403
5705947
5697654
5660695
5609658
5620716
5616992
5615785
5616767
5607799
5598063
5605318
5598398
5601202
5600040
5583985
5612751
5592421
5663572
5730721
5746366
5733422
5701292
5680616
5662988
5648502
5664040
5638823
5642321
5636407
5636452
5627696
5663880
5631863
5630484
5636760
5629408
5662112
5773815
5767007
5784209
5753952
5728854
5744479
5686511
5685477
5679289
5679193
5645163
5662342
5661554
5662251
5655425
5673057
5656367
5657233
5656527
5657827
5656128
5698587
5736154
5794404
5799011
5805827
5804825
5742046
5729301
5730622
5717994
5696190
5710139
5698774
5700467
5696450
5706735
5732482
5692137
5695462
5688431
5680911
5711317
5798814
5807696
5809302
5785738
5748323
5751769
5746113
5744994
5742993
5748915
5724240
5725452
5723492
5728182
5709845
5717514
5719890
5717094
5717078
5739561
5849810
5840341
5834269
5836215
5801753
5826939
5778549
5769535
5767888
5760524
5763796
5741607
5733559
5734107
5717778
5701735
5754776
5718405
5719500
5724889
5793472
5863722
5832344
5838350
5815816
5807843
5813650
5773560
5774071
5765392
5766481
5743796
5752905
5754091
5752403
5743399
5748696
5749153
5753071
5756888
5794405
5876493
5864336
5862755
5848680
5829445
5833638
5805597
5802732
5797627
5801110
5804759
5783214
5785888
5779810
5784251
5767090
5775597
5779381
5773522
5776571
5824894
5909109
5891528
5882838
5858948
5829130
5838450
5835041
5823417
5816246
5803592
5810232
5815588
5808202
5806369
5793253
5808018
5808072
5802239
5800027
5794236
5849568
5894445
5920198
5899963
5872914
5873386
5857710
5851442
5849274
5845989
5880725
5836386
5836760
5844365
5841536
5860427
5828527
5829019
5837579
5828254
5840123
5923095
5939172
5930611
5908380
5878510
5880135
5873432
5875923
5860274
5849997
5860454
5854364
5857886
5852340
5826723
5860962
5847964
5851444
5847785
5883285
5982465
5966386
5964702
5933302
5888414
5915379
5902679
5902704
5885598
5863073
5889075
5883985
5887236
5875888
5854073
5883197
5876020
5880333
5906579
5960638
6001570
5993202
5984226
5955086
5956417
5935146
5925512
5928451
5924921
5955651
5912028
5910321
5914754
5915872
5949609
5907331
5904544
5911456
5913862
5953948
5978658
6024997
6016697
5992938
5982543
5961609
5954006
5946753
5929605
5933190
5935455
5930258
5934375
5933990
5922786
5927402
5927000
5935331
5946375
5991858
6047960
6039195
6031258
5968606
5975916
5978956
5968563
5956572
5956082
5951984
5958096
5957838
5969037
5987161
5944873
5948060
5941294
5983946
6067582
6059691
6056736
6043746
6011148
5999674
5995969
6000067
5969616
5982416
5979457
5972695
5975503
5979142
5966938
5970975
5968071
5982830
6001823
6050626
6085131
6075692
6050575
6000616
6012691
6015396
6015472
6020866
6027069
5992657
5998243
5985902
5962992
5988165
5983319
5991798
6000437
6089529
6112679
6103759
6097407
6080122
6043256
6048564
6040510
6026628
6012900
6013599
6017342
6019207
6029384
6042266
6006793
6008710
6001062
6041212
6125160
6127944
6134116
6091490
6070865
6070699
6064698
6055549
6026122
6038539
6041174
6040918
6047848
6036353
6023261
6028310
6035023
6060937
6028622
6024054
6020890
6032718
6101857
6133123
6112609
6086849
6074064
6061680
6065696
6052473
6047116
6046186
6038573
6048619
6046398
6081053
6039006
6031992
6031072
6050447
6030284
6074961
6134052
6124041
6154561
6091072
6077196
6067804
6043920
6064420
6057709
6065760
6050183
6063754
6052157
6049082
6052590
6060279
6045836
6058067
6124681
6162261
6168623
6128035
6094732
6101419
6104181
6091286
6080896
6074443
6081675
6071537
6075672
6072548
6065163
6070413
6061886
6068891
6060381
6057902
6061748
6060240
6123057
6164596
6171245
6145967
6118742
6119023
6080511
6098759
6095327
6094214
6107681
6090616
6080200
6083896
6090762
6123623
6081462
6074004
6073190
6105365
6150261
6188239
6173390
6164857
6133149
6116519
6117074
6119810
6149860
6104826
6097059
6098885
6113859
6091943
6093365
6091182
6089305
6130039
6094381
6157614
6206205
6211453
6184021
6137006
6139959
6117942
6128799
6122833
6122036
6135597
6131998
6110536
6112752
6121311
6151575
6110327
6104090
6124436
6180511
6216416
6207142
6191371
6145271
6146130
6145519
6148253
6138343
6123902
6129092
6126589
6117383
6157575
6117754
6125352
6111759
6090457
6118048
6180795
6238793
6228582
6212946
6179977
6163628
6160392
6188176
6148231
6147137
6153311
6178247
6146051
6139745
6135433
6151040
6132902
6137127
6134933
6124336
6162580
6129162
6152442
6204056
6213276
6218160
6191164
6165091
6183670
6162768
6164432
6160362
6168218
6166191
6147214
6149502
6152194
6188717
6147585
6145649
6142456
6120017
6146049
6206486
6246424
6242536
6207995
6170620
6187700
6169823
6184393
6163819
6164720
6173142
6149348
6159252
6164567
6152417
6129840
6153874
6155382
6161923
6171719
6149247
6160585
6212491
6238365
6228455
6196914
6184335
6193087
6221934
6180018
6177851
6181863
6158544
6167654
6173672
6162548
6148884
6165606
6163883
6161374
6182486
6219174
6262434
6245215
6230952
6201018
6194807
6202992
6179628
6189332
6181554
6182233
6179143
6169353
6172842
6182455
6180011
6180667
6176443
6218953
6270689
6243057
6250955
6221877
6203699
6188402
6205039
6199705
6193175
6208071
6188127
6192103
6193307
6204470
6181272
6179253
6193648
6188813
6176408
6180660
6178160
6170005
6257314
6268694
6249229
6220309
6232093
6212158
6215662
6209976
6224523
6193835
6203679
6197333
6166764
6191517
6192243
6199730
6207994
6186064
6190792
6206552
6280792
6283836
6262967
6255915
6232210
6224550
6226937
6223104
6218948
6226922
6207711
6207945
6202931
6225163
6202133
6203118
6212664
6234934
6246726
6308927
6300908
6293534
6249481
6238745
6249549
6211290
6225789
6226123
6215669
6192917
6220082
6219250
6221348
6223618
6210369
6216873
6224122
6299909
6319557
6309326
6301694
6264952
6249482
6255198
6251551
6257698
6237197
6229692
6239020
6228104
6224153
6227161
6229199
6218235
6232487
6282175
6340322
6327534
6336715
6284901
6274035
6263944
6269644
6253910
6253504
6249193
6245121
6245961
6242470
6232403
6244399
6234267
6241994
6281063
6345426
6352185
6346670
6307501
6287437
6279898
6283460
6277387
6260539
6264425
6260239
6252636
6258529
6250913
6258371
6238549
6248991
6287386
6356956
6355047
6366188
6320738
6296382
6287909
6284461
6281815
6273864
6262165
6280568
6265184
6264427
6260869
6280782
6257678
6258518
6285041
6387446
6373069
6375780
6330495
6318421
6301235
6298318
6287592
6293697
6277422
6278750
6279881
6314972
6270683
6273732
6280459
6297206
6284459
6363205
6380046
6400216
6342511
6303514
6299603
6312582
6295101
6288952
6277744
6297987
6285042
6282163
6270009
6308186
6272495
6275102
6263026
6328993
6377292
6369798
6340674
6312888
6306372
6309787
6294042
6305450
6289959
6289440
6279422
6309226
6282578
6283453
6270804
6288808
6278054
6329011
6379809
6382888
6358644
6327164
6302337
6315272
6312280
6305107
6296244
6301070
6292219
6298857
6295797
6285967
6290396
6287733
6284631
6313675
6377792
6402836
6388882
6339569
6325509
6327905
6340248
6312845
6307702
6315786
6312499
6299701
6301229
6301655
6310250
6293220
6295098
6294926
6295923
6290185
6292267
6288414
6307709
6369820
6381644
6350633
6310763
6320914
6330841
6319420
6316514
6313731
6309452
6304986
6290155
6303452
6304479
6295074
6290089
6296627
6299394
6300839
6270051
6291911
6308086
6357910
6355794
6352243
6337563
6332201
6325199
6325381
6330179
6328277
6334795
6319291
6313841
6320180
6322827
6305204
6313756
6315081
6278175
6310502
6306681
6363579
6400835
6360079
6350565
6338672
6383348
6339888
6334338
6341176
6351557
6323406
6327376
6317752
6349164
6318351
6318572
6306923
6344681
6329621
6395467
6407112
6384857
6372330
6351743
6361812
6352025
6343051
6349265
6350583
6330525
6337130
6335776
6352203
6328541
6325190
6337345
6332196
6408055
6440150
6428380
6391358
6373016
6370216
6377118
6387789
6350852
6353142
6335645
6346531
6347788
6342154
6336299
6337193
6337128
6359626
6435225
6451509
6456910
6431327
6365610
6385904
6376638
6374916
6400118
6357553
6368129
6367712
6402083
6353696
6353972
6347769
6356256
6346816
6394695
6470002
6457387
6458211
6412612
6407899
6386033
6385067
6385623
6370072
6364414
6369457
6357005
6345299
6358755
6356893
6354290
6331716
6393295
6464355
6474335
6477780
6432861
6401009
6400021
6403715
6383563
6381632
6362722
6375664
6371247
6371505
6363864
6365584
6361239
6374229
6398833
6448619
6481742
6466744
6431512
6407552
6403899
6398347
6423688
6382703
6388462
6391483
6415820
6377919
6374724
6372687
6383549
6368202
6371131
6379655
6366091
6372807
6373991
6408180
6451731
6459081
6437421
6392030
6402440
6409215
6405969
6401876
6391306
6387005
6397866
6390023
6379153
6378441
6369808
6370568
6373787
6374813
6386766
6402615
6459474
6460337
6456646
6408720
6409925
6406121
6439445
6393574
6389351
6379299
6389601
6381595
6389555
6370592
6374994
6377125
6368119
6345490
6416950
6462768
6465624
6439995
6405147
6407924
6406741
6399021
6399032
6396319
6406452
6386736
6386551
6384632
6365461
6378338
6382707
6389265
6400435
6376895
6376601
6383994
6394816
6419860
6465732
6456260
6418366
6412396
6413573
6428233
6404425
6399154
6390652
6389117
6387435
6394730
6395962
6427315
6380884
6384353
6390089
6388581
6386223
6449161
6470873
6438210
6429772
6410669
6435366
6413401
6408194
6402011
6392108
6398771
6403399
6406390
6409756
6397570
6395111
6404911
6420428
6388243
6393836
6380331
6384474
6414401
6471098
6465610
6431185
6421386
6426976
6402143
6415952
6411487
6414744
6414301
6405412
6401730
6412505
6401339
6394628
6396113
6402765
6389669
6421476
6474716
6489570
6450270
6432375
6418867
6435951
6420364
6425321
6419540
6451159
6408720
6407969
6395334
6404861
6396914
6408128
6402534
6405625
6472169
6480366
6444378
6449052
6423382
6443098
6430392
6419510
6415894
6419272
6408554
6415294
6406554
6407838
6404194
6401537
6397531
6401913
6393923
6404603
6403013
6443120
6456710
6492983
6460437
6455222
6427651
6446027
6438410
6423157
6423578
6411220
6390370
6418615
6413886
6424176
6412040
6407775
6409444
6411040
6410757
6476909
6501035
6483645
6471323
6439509
6451855
6465852
6433315
6434040
6424375
6423825
6429566
6426350
6439183
6419433
6417923
6410987
6450953
6462453
6518489
6498957
6479764
6452018
6446561
6438436
6446483
6437375
6449444
6444857
6430167
6432443
6444803
6423669
6430193
6421364
6402925
6425195
6470009
6527030
6517153
6494637
6465721
6457716
6452714
6454259
6447035
6436351
6434731
6435773
6433821
6433449
6424351
6431081
6413499
6420571
6450254
6519224
6536491
6510870
6480546
6453240
6457711
6454784
6457311
6423590
6434472
6442974
6441821
6473173
6431920
6431764
6443050
6424886
6424774
6435244
6532352
6514643
6504483
6487016
6450317
6464137
6450622
6419903
6444500
6440695
6453751
6439707
6432928
6437759
6449199
6426238
6431980
6422113
6452146
6526203
6511727
6510847
6466120
6459300
6462638
6473740
6446341
6450301
6446969
6437336
6439944
6438016
6445613
6437377
6427958
6437879
6474723
6518603
6531067
6506479
6458101
6465595
6466858
6475300
6460879
6448897
6453929
6464059
6441832
6449620
6437864
6411110
6442149
6437469
6446292
6469388
6431441
6438275
6426212
6438663
6498648
6508713
6472364
6470641
6457564
6474987
6469354
6456610
6456925
6459716
6449751
6458873
6447003
6437954
6449312
6446810
6444655
6477154
6439060
6451377
6461068
6529566
6512870
6480969
6488860
6471356
6472819
6466076
6482228
6455709
6458169
6466817
6448954
6453620
6444439
6443291
6447025
6444922
6445107
6533139
6521361
6510607
6477012
6475408
6475135
6480319
6490012
6462046
6460976
6459714
6494575
6454606
6462917
6441534
6452667
6453999
6451755
6506108
6540902
6525135
6506913
6486027
6480169
6487384
6482598
6468705
6471592
6465905
6464554
6469300
6462974
6473274
6465257
6456899
6460122
6471836
6509132
6555156
6538516
6516653
6486719
6494370
6489714
6486928
6474165
6483768
6447672
6468395
6469339
6475657
6508066
6462753
6462016
6450798
6499823
6547710
6547432
6554217
6492528
6497804
6480694
6486835
6483808
6475722
6489676
6475435
6473436
6471995
6478635
6465329
6467633
6483438
6483721
6553332
6553043
6513394
6510968
6492138
6496424
6493692
6484929
6492086
6453191
6474694
6478974
6480895
6514879
6469758
6467311
6461397
6458801
6458254
6457323
6480608
6446088
6461155
6498114
6538607
6496873
6480842
6479784
6470736
6470522
6458453
6488490
6449166
6457133
6441678
6439798
6441847
6439466
6449603
6433812
6426440
6428966
6460281
6472816
6510669
6464267
6469496
6450626
6460265
6469270
6449426
6445264
6445825
6455717
6437784
6448709
6443255
6474379
6437598
6439338
6448584
6445763
6499881
6514348
6512730
6462709
6467852
6460625
6472539
6455022
6455032
6469821
6453136
6447295
6445881
6465517
6439866
6444907
6431559
6455941
6517857
6524778
6514128
6486578
6468649
6481746
6485214
6462178
6461961
6462285
6454437
6460077
6459935
6470787
6457655
6451179
6455117
6507798
6531121
6551210
6544297
6499606
6488505
6481380
6455826
6477326
6472124
6476338
6471678
6463307
6472086
6444947
6457050
6463092
6458028
6464877
6541054
6554092
6533365
6508527
6487877
6505550
6471064
6480370
6479849
6486565
6515625
6475229
6471682
6457716
6468756
6463903
6474557
6472601
6533034
6565294
6530936
6521568
6495805
6501821
6508325
6486592
6483133
6477229
6483051
6473053
6481346
6468442
6500201
6468919
6472171
6493182
6545271
6566093
6561454
6555114
6496574
6510818
6488384
6494843
6490069
6482451
6491224
6484100
6477783
6479661
6478920
6469487
6475010
6498213
6539968
6581335
6578673
6544759
6505104
6509855
6515698
6506485
6491109
6496799
6468562
6485922
6488554
6490544
6515529
6481755
6478869
6465872
6502486
6560529
6576024
6563695
6513444
6512040
6512779
6538271
6498017
6493572
6499063
6491545
6487095
6481004
6516459
6477780
6486539
6467861
6484849
6552732
6569840
6560090
6535503
6505471
6520766
6527411
6498533
6498831
6505817
6487217
6492556
6481397
6467443
6486471
6481471
6490162
6483926
6506394
6566341
6547739
6541399
6522415
6520133
6544790
6511003
6507251
6498798
6494522
6493707
6500783
6490081
6486969
6491827
6484051
6523500
6485507
6484240
6470985
6481208
6478034
6488861
6505176
6556408
6546229
6512688
6542800
6511389
6515468
6521285
6501645
6495594
6493624
6504869
6489083
6492676
6502705
6484058
6490561
6480934
6471469
6488034
6501842
6563420
6556869
6521641
6521338
6525988
6511747
6517712
6509242
6481350
6499051
6497335
6508676
6499963
6491116
6495785
6485889
6487282
6491962
6509663
6561850
6563054
6532762
6512082
6507965
6517453
6520784
6511720
6501537
6506578
6500244
6536355
6500011
6497840
6500288
6492753
6492119
6493240
6557010
6571416
6561635
6527320
6519152
6526140
6528199
6538180
6513700
6509221
6507923
6543153
6502455
6511252
6503927
6499527
6503110
6504590
6547767
6589015
6577775
6564723
6536181
6533080
6539067
6533880
6521303
6525189
6530636
6544765
6518289
6515924
6504869
6512921
6507818
6518949
6506724
6584237
6593650
6554849
6562117
6537632
6544974
6555125
6533812
6526495
6529257
6535594
6516944
6522322
6521082
6511633
6515757
6510517
6541957
6596952
6599042
6582703
6565756
6540685
6548484
6558134
6531702
6536082
6521031
6497514
6525427
6523033
6535197
6521309
6514020
6519316
6548816
6587585
6612273
6592967
6551492
6543500
6547440
6551802
6542892
6530272
6534217
6528842
6524494
6531930
6528849
6518505
6520232
6522503
6521394
6556522
6601557
6605059
6575522
6544096
6554120
6543014
6564533
6536630
6536481
6550555
6536087
6530118
6527953
6550165
6521700
6526801
6536323
6544114
6610327
6612762
6586343
6560683
6551539
6549041
6549748
6540383
6545363
6546367
6532386
6539514
6517656
6535697
6530865
6529350
6543094
6540527
6597598
6617630
6597512
6572381
6556125
6547531
6550641
6550161
6546300
6540193
6540948
6539575
6532568
6539316
6534073
6542605
6518498
6527831
6534372
6542217
6547410
6527072
6530423
6565416
6601908
6571983
6568228
6579806
6554952
6562336
6536847
6552872
6541784
6543907
6554666
6537246
6536701
6536127
6560821
6527641
6539625
6525121
6525347
6566533
6600838
6564601
6567950
6555336
6570324
6562209
6551430
6555780
6538902
6540640
6545676
6542980
6582664
6539829
6537850
6524095
6531243
6528923
6538987
6535924
6526091
6533941
6550814
6630741
6585277
6567680
6574274
6557402
6559220
6552769
6578348
6545307
6554909
6534879
6556546
6545568
6545708
6548629
6536934
6539793
6537403
6566411
6533638
6587446
6603876
6584599
6574021
6564846
6582764
6569893
6560778
6568399
6557216
6549735
6551930
6549468
6543842
6552722
6540206
6516045
6542768
6563939
6628082
6617994
6589998
6587153
6549691
6571385
6572752
6575261
6601089
6560577
6558932
6548214
6552704
6552915
6552225
6574202
6547070
6568152
6623667
6677160
6620470
6603062
6575949
6584033
6580993
6581028
6563977
6566121
6573849
6557778
6591403
6563941
6565512
6573373
6555286
6560001
6604920
6665621
6629405
6619002
6593430
6586598
6591327
6579456
6550813
6571629
6570227
6574443
6571293
6563206
6571689
