191487
188142
199983
230190
251602
257779
246415
226305
246868
237791
230684
233719
232568
236780
247551
268754
304159
339586
369269
386800
393241
330180
376607
358085
334924
316276
303013
286424
270993
260358
253930
254743
270828
381463
317531
344817
368869
394667
408928
422592
433059
440166
443387
445046
446155
441124
437310
429580
419943
412936
401278
391889
388099
379608
374423
373452
371092
363518
371689
371259
372987
375176
377489
379363
382780
386134
389934
393338
397614
402524
408781
411566
416179
420947
424305
427401
430427
434595
440175
442577
447951
452533
457689
484505
471075
478726
488433
500587
513385
530520
550968
573603
598879
623785
649124
588186
688697
703952
713752
719679
714543
699782
670065
635202
608673
592889
599548
617121
648363
686676
735637
791682
840774
867074
843261
781791
727776
702824
701637
748538
835712
916507
959017
929846
852855
806797
809074
884692
983126
989161
1007774
905163
870966
925028
1052668
1147377
1070544
962696
953161
1105317
1224767
1142077
1038867
1099791
1265949
1272104
1115008
1137968
1340870
1350313
1174667
1250840
1466946
1328981
1251458
1473097
1453808
1293470
1498559
1550339
1431073
1601640
1597775
1446409
1720620
1558089
1593294
1793685
1529464
1855199
1671316
1784581
1828910
1720745
1969356
1715955
2053666
1772877
2100819
1812801
2169453
2041851
1971483
2008732
1982491
2067410
2000520
1999500
1988811
2004965
2060103
1990821
1991592
2028917
2022942
2011682
2006910
2012131
2027231
2025159
2012164
2032553
2046149
2074972
2077973
2052364
2053749
2070220
2070895
2092493
2109722
2140774
2127571
2120488
2145513
2168827
2170953
2140318
2148952
2184137
2151526
2165528
2152135
2199637
2166484
2168107
2186606
2166118
2193356
2205114
2218017
2186610
2232229
2257850
2254173
2256782
2307655
2262965
2296302
2273332
2275750
2286940
2334869
2287029
2313059
2355264
2302191
2312670
2312406
2300267
2322508
2385627
2368386
2393558
2439138
2382033
2398222
2414072
2395759
2409061
2393589
2404317
2453358
2401274
2426814
2471159
2415658
2430107
2461171
2429046
2492820
2476934
2498643
2504252
2492379
2522466
2497212
2527756
2565394
2505671
2501419
2557223
2522619
2520785
2537967
2546179
2529778
2550616
2579604
2597559
2642456
2606643
2594884
2605749
2619581
2680849
2613878
2605556
2630016
2652034
2662377
2624423
2637146
2648506
2660745
2634120
2660775
2704401
2724954
2722861
2716352
2737440
2716735
2758281
2719950
2701032
2719801
2744067
2739980
2737038
2795096
2727739
2773331
2748251
2733275
2794063
2828158
2839849
2843870
2851529
2835474
2846130
2831732
2854151
2822685
2839690
2822418
2832047
2826137
2826686
2819598
2813655
2811402
2802411
2838454
2841160
2836621
2832370
2824279
2819322
2830703
2836471
2841983
2853152
2850127
2858145
2855365
2871077
2860247
2873514
2865704
2877663
2868508
2880823
2873978
2883319
2876227
2894482
2953862
2966424
2967084
2972228
2957577
2991607
2985363
3010573
2995940
2996825
2978934
2981632
2959500
2978145
2965027
2971300
3005712
2953634
3026401
2951184
3007348
2971016
2969063
3011815
3070574
3060012
3087211
3110998
3070358
3123061
3080946
3097568
3090049
3089893
3082879
3087018
3090891
3087569
3092638
3078823
3075874
3070870
3089204
3085750
3164780
3183770
3189663
3190347
3213576
3204464
3217238
3192695
3190897
3171770
3162358
3216551
3153941
3200888
3182511
3171908
3164886
3164153
3143153
3223636
3312961
3285548
3290609
3278595
3275946
3281239
3283660
3290468
3281395
3272559
3266993
3286101
3282984
3268421
3264395
3290440
3285253
3289529
3253357
3259398
3281003
3240875
3370924
3400899
3401505
3402115
3389024
3413599
3395506
3398181
3391826
3389831
3397364
3377684
3375765
3381196
3388999
3363491
3378557
3384979
3381324
3368632
3450484
3548598
3496791
3501694
3512984
3485250
3493148
3497997
3491998
3485430
3484912
3477200
3470944
3484081
3468711
3458239
3475888
3483006
3426526
3422454
3492324
3448019
3456627
3550765
3598736
3611195
3615664
3596430
3596129
3599562
3587269
3595113
3601662
3568421
3594758
3582390
3561822
3599138
3567142
3559237
3538503
3542466
3581327
3664213
3699906
3705440
3710564
3688038
3686894
3711087
3677865
3717902
3669815
3650631
3711536
3638681
3653033
3677049
3639273
3636972
3634590
3623309
3632996
3608194
3629813
3681995
3764463
3818102
3801956
3850818
3769538
3789273
3809590
3781846
3778470
3773817
3764351
3771195
3743852
3764454
3739203
3728936
3742269
3711894
3748193
3708133
3731726
3867754
3874661
3893452
3892530
3875090
3870878
3864390
3883328
3847641
3895265
3820298
3832334
3851366
3820860
3813003
3806640
3797245
3797615
3782047
3787018
3799380
3929070
3965781
4003562
3989539
4002833
3938928
3961774
3963115
3945577
3942231
3929402
3927272
3917776
3911535
3915861
3886370
3932702
3865290
3877577
3882608
3893480
3967476
4047164
4076270
4078487
4075620
4047242
4071760
4037152
4082878
4010932
4012440
4018914
4022404
3994860
3987964
3987130
3973189
3980729
3960105
4080903
4115845
4173433
4142031
4099293
4118277
4108694
4098113
4093234
4082517
4074788
4067178
4064755
4057629
4054366
4056199
4053675
4006395
4106339
4183845
4203592
4227487
4201984
4196870
4181669
4195821
4167399
4186382
4164784
4198348
4158222
4131236
4125822
4109760
4108286
4094342
4090427
4076610
4085987
4070861
4089371
4179035
4271047
4259602
4251869
4232954
4221576
4220633
4207925
4199117
4176732
4183248
4155337
4172667
4154623
4190313
4154676
4129090
4125071
4116191
4117619
4114330
4208488
4311787
4345125
4375512
4369614
4357880
4312613
4315411
4328705
4294316
4332328
4267568
4274802
4246033
4247577
4226997
4223909
4214198
4197218
4194340
4189748
4187855
4209070
4338359
4413321
4443252
4463964
4423834
4412054
4412523
4390077
4374941
4395078
4377564
4355158
4312348
4320234
4357374
4305110
4308447
4285455
4289766
4277078
4275398
4328626
4433441
4491568
4512191
4504140
4480665
4466657
4446363
4439353
4453314
4419938
4391651
4404583
4415874
4358475
4363015
4403658
4350159
4357622
4370871
4500483
4564581
4579443
4587889
4554792
4543614
4540741
4516204
4531693
4499357
4484490
4488605
4464249
4434029
4435415
4474893
4418307
4419331
4407381
4409246
4409249
4402119
4467575
4571187
4611587
4627585
4589933
4590419
4555188
4545032
4548687
4514265
4524543
4492692
4494782
4479654
4476944
4469219
4467581
4473064
4462329
4466877
4497623
4607792
4715660
4710600
4769700
4676532
4669668
4666989
4639561
4632911
4611183
4606420
4588734
4589100
4570194
4562399
4561934
4521673
4555848
4612706
4724014
4773431
4799969
4790462
4749660
4738647
4717045
4705323
4692729
4676631
4672643
4652653
4634482
4674946
4617118
4613445
4610853
4607126
4613961
4605481
4612798
4614476
4748689
4792473
4849911
4840812
4823839
4790299
4777014
4764872
4752614
4745923
4716411
4729553
4696380
4720170
4697607
4728399
4688260
4687547
4688593
4767321
4866474
4931827
4952820
4908248
4897134
4882925
4878432
4853635
4835726
4834270
4817649
4795318
4809005
4771854
4804619
4784349
4753339
4844687
4952440
5003237
5013769
4984703
4967732
4980955
4929518
4912634
4898926
4885243
4876456
4854293
4839918
4847150
4815988
4805516
4805993
4911764
5004432
5042524
5060924
5038600
5012156
4972129
4948361
4955383
4946258
4927338
4913902
4891527
4882685
4882896
4846686
4833909
4857546
4989354
5072143
5104337
5106042
5070554
5053811
5077857
5055677
4999749
4985207
4961097
4947137
4936186
4944324
4911065
4901247
4933363
4899946
5028517
5117206
5152317
5155549
5115260
5094231
5073086
5068188
5048055
5037171
5016143
4988628
4974636
5012658
5001800
4943294
4937522
4932204
4931295
4934400
4941101
4920607
4936232
5045857
5100159
5141699
5150763
5120193
5087969
5047611
5013479
5012801
4998240
4987855
4991669
4992066
4989683
4973431
4981409
5021417
4970564
4974870
4972736
4974075
5053667
5163544
5208116
5210260
5197502
5152696
5128254
5106559
5091486
5068725
5045996
5044045
5037813
5036473
5034360
5035724
5034732
5062616
5066627
5022266
5024132
5022625
5019795
5016948
5075882
5140602
5174060
5162487
5130318
5111563
5095076
5100547
5094153
5072479
5078335
5070967
5073314
5070051
5060036
5058018
5090555
5097246
5067351
5070122
5081238
5152366
5232911
5264717
5296818
5227100
5202002
5190155
5179359
5163586
5168543
5173674
5132317
5136235
5135039
5131729
5133258
5110396
5114594
5155163
5259318
5299918
5323445
5325259
5310280
5290049
5225072
5206100
5192368
5186872
5174221
5199510
5184973
5173680
5176834
5170016
5167140
5206238
5320207
5364820
5389654
5389086
5342019
5327937
5266832
5265480
5249104
5240809
5237321
5244909
5264372
5281404
5226649
5228773
5230610
5285084
5374622
5436022
5466448
5446753
5405832
5367215
5323595
5366689
5308502
5299585
5294098
5290220
5268142
5278243
5272208
5265214
5270945
5335464
5451577
5464243
5502380
5475328
5439369
5409521
5378252
5357358
5349683
5334587
5330604
5311677
5302333
5298155
5303615
5303001
5318912
5423048
5493717
5552924
5553912
5512555
5475960
5447245
5427730
5424024
5378170
5367895
5360895
5358104
5358316
5346752
5342381
5336337
5352246
5473247
5586752
5582289
5585225
5547710
5496066
5445584
5496182
5430527
5417839
5402308
5387460
5409255
5385359
5377896
5369111
5365943
5388888
5514428
5555303
5600830
5620302
5567265
5503591
5537267
5468234
5450935
5437849
5436130
5411008
5418742
5412502
5408097
5409559
5408935
5441911
5487061
5576027
5634739
5638458
5601584
5555263
5515603
5494955
5469198
5447251
5486613
5450179
5451303
5438543
5430764
5448602
5431218
5429666
5429880
5436631
5425548
5445389
5426106
5425622
5492075
5546059
5518448
5554006
5483427
5486498
5491280
5499950
5465148
5461131
5462063
5461711
5453256
5477823
5453751
5453621
5452157
5462248
5444782
5454855
5454324
5467805
5551374
5599718
5622756
5587543
5552078
5540788
5522922
5494981
5548236
5502216
5500093
5505508
5516709
5490642
5489403
5491334
5486897
5479593
5527784
5595727
5631681
5643274
5636069
5610345
5566737
5561727
5558239
5557105
5534823
5531510
5538185
5527424
5528345
5523884
5540898
5525179
5526133
5526866
5525793
5542160
5518574
5513103
5561871
5618659
5584878
5579908
5542735
5554915
5558092
5543798
5592130
5543420
5544598
5551319
5557543
5577342
5540241
5544047
5541586
5555483
5542012
5535258
5542625
5575262
5659576
5669470
5646430
5635313
5608955
5625988
5633415
5596172
5593029
5592157
5601092
5620227
5581762
5583744
5588262
5593078
5621926
5582025
5654492
5715799
5705512
5707402
5687542
5666872
5648418
5641816
5635582
5632720
5637089
5621429
5618846
5618401
5612888
5612930
5616809
5605882
5621899
5697923
5751364
5764521
5767545
5749078
5721866
5723877
5684873
5668166
5667390
5677012
5656093
5657931
5654920
5640611
5627336
5640825
5650886
5703453
5802760
5822470
5834824
5827783
5784179
5767346
5726702
5709220
5713077
5717482
5694569
5693288
5685389
5672484
5666536
5671195
5678089
5687711
5757894
5831464
5862835
5873547
5817519
5789664
5769931
5747679
5725745
5722322
5719925
5724485
5710401
5684668
5706358
5702040
5711976
5703276
5771047
5847945
5889682
5910765
5895055
5829788
5805953
5766094
5746330
5753816
5753889
5749227
5728334
5730708
5734020
5737424
5731041
5699486
5719895
5787367
5870904
5893073
5915409
5885460
5853314
5798357
5780419
5774156
5770549
5753102
5758959
5750185
5752795
5736675
5714689
5736722
5736302
5776029
5853501
5897633
5932940
5927848
5865107
5875460
5805634
5799586
5779786
5768617
5776725
5772324
5767295
5757282
5763451
5766080
5764622
5755096
5807416
5899728
5940015
5947297
5926674
5871056
5835296
5815259
5810275
5796123
5796266
5796762
5794304
5764707
5780420
5777803
5775352
5785082
5883014
5922230
5957108
5981574
5988889
5899169
5864278
5851875
5812191
5817231
5813830
5815991
5826552
5806126
5790672
5799081
5791672
5801362
5828871
5922699
5967831
5961536
5947788
5912186
5874844
5841157
5843043
5835936
5829452
5832774
5819116
5818440
5809761
5819496
5837995
5801766
5810208
5896202
5967145
5946642
5949808
5906807
5876988
5858735
5857719
5852430
5860080
5856384
5829569
5833997
5820928
5809541
5820523
5820059
5828267
5815749
5823601
5815513
5810932
5819538
5828031
5840022
5901487
5893638
5839275
5823063
5841786
5854499
5846018
5830558
5844843
5824419
5830541
5832456
5852129
5825981
5829854
5828545
5813728
5821534
5822849
5825483
5837641
5827099
5879059
5918530
5895032
5875394
5865353
5851409
5857546
5852757
5864325
5841274
5842772
5843249
5828899
5835068
5832177
5835427
5847965
5838629
5827675
5877582
5927493
5923732
5918323
5850941
5851585
5852383
5847685
5842604
5839341
5841959
5823451
5832429
5830012
5828109
5839203
5807132
5825664
5876906
5945137
5965123
5918212
5879145
5870262
5881052
5914885
5869980
5861171
5853725
5869274
5851229
5858241
5850282
5843092
5860092
5847679
5856097
5844572
5821126
5848954
5851261
5897332
5938351
5949201
5913434
5902663
5897416
5879519
5889866
5892119
5886220
5874236
5880204
5877680
5889449
5884624
5896282
5873485
5872972
5886137
5893144
5940264
5989265
5980723
5968835
5926747
5911492
5921114
5925429
5949121
5903671
5893511
5896472
5915980
5891430
5896723
5893469
5886385
5931703
5932166
6003342
5999328
5980352
5942790
5929897
5932317
5949734
5918907
5919981
5912516
5914505
5950632
5913577
5920544
5911150
5890021
5911098
5964603
6038926
6033920
6015131
5989589
5963993
5957112
5995540
5951010
5949916
5940054
5939571
5941930
5945169
5943352
5938206
5933673
5951412
6028132
6069032
6114781
6082830
6059872
6049061
6058705
6009794
5996981
6002052
5958424
5974690
5976940
5977305
5967178
5963303
5962498
5990905
6057339
6095507
6101947
6093013
6071058
6041674
6025927
6027316
6000120
6003268
6001867
6005129
5999423
6011872
5984683
5994609
5976816
5989055
6074377
6113591
6103614
6093508
6050923
6050535
6044719
6026868
6020351
6021564
6022279
6024593
6005335
6009978
6002547
5998648
6020158
6015031
6106041
6147386
6155328
6137552
6105561
6081716
6110745
6065610
6060008
6055401
6069282
6040020
6046021
6047243
6055673
6030746
6034664
6053474
6161359
6169854
6165016
6173914
6113426
6102379
6103392
6094785
6121994
6072762
6066987
6076268
6095813
6056453
6056670
6042268
6050488
6050788
6107545
6177375
6149873
6134906
6093706
6077108
6080074
6087876
6078539
6080397
6060733
6060341
6068898
6061906
6055110
6061279
6044086
6046186
6045711
6041301
6067493
6042445
6048801
6102498
6175947
6138652
6123894
6097429
6084931
6090635
6074693
6060009
6068263
6066861
6075518
6088495
6055316
6061319
6064243
6049580
6052727
6050094
6056264
6143426
6146629
6127103
6127153
6078466
6086727
6066474
6068963
6068348
6067892
6076525
6062462
6058465
6056568
6046634
6048243
6058461
6057399
6069377
6046186
6043128
6045935
6094311
6136141
6120161
6076909
6068435
6078587
6086139
6108387
6066736
6067141
6054905
6061527
6056213
6068338
6073552
6050966
6054793
6045419
6050555
6131647
6152181
6135932
6104484
6078739
6095106
6099243
6078260
6075479
6059160
6052461
6069995
6065102
6070731
6079191
6055092
6054495
6066877
6134753
6168997
6140202
6091274
6095313
6102103
6110234
6099219
6076503
6077541
6085310
6068811
6077708
6065155
6039269
6067301
6069957
6167718
6213436
6206249
6222880
6194177
6181670
6167157
6156019
6170104
6121520
6113923
6112524
6110471
6104326
6110144
6093031
6095311
6146226
6226891
6269366
6269585
6256347
6215999
6192474
6163045
6155403
6151858
6135136
6140829
6121496
6112897
6124119
6123171
6117876
6122562
6185197
6254737
6229014
6252810
6223880
6188767
6174380
6156785
6156014
6157030
6140742
6130038
6131821
6131161
6123994
6124007
6112039
6133560
6210057
6245834
6265090
6234521
6194502
6188699
6208525
6162814
6159759
6155860
6144185
6148822
6147252
6129030
6146542
6138634
6153326
6247277
6274266
6291008
6301771
6255165
6235207
6206630
6201355
6191415
6191819
6172211
6179567
6170963
6181795
6184746
6157927
6164239
6179498
6242394
6295708
6303678
6312374
6289752
6232843
6223935
6201141
6202242
6200855
6193228
6204946
6187652
6184362
6188586
6190088
6171603
6201445
6269497
6271194
6305022
6288804
6257280
6260976
6220095
6218235
6198882
6196625
6200417
6198023
6192790
6187228
6178818
6179246
6176323
6170873
6221648
6281596
6319040
6292366
6259483
6249666
6228198
6223156
6212442
6209214
6199781
6210443
6206122
6215239
6191553
6188256
6194302
6182815
6190695
6272561
6282653
6282812
6275101
6220834
6226284
6227168
6214064
6182896
6198216
6204609
6191110
6198391
6186533
6199043
6173859
6182780
6188575
6191159
6218292
6179335
6180837
6197798
6218340
6257343
6255729
6205109
6188591
6208337
6176163
6187246
6196213
6171753
6179479
6184234
6180312
6159787
6179955
6173525
6183019
6175361
6166937
6177279
6180763
6247670
6259507
6224961
6214744
6198254
6204773
6190385
6193735
6185072
6190810
6184999
6174288
6185376
6160279
6170769
6172194
6174674
6194449
6224337
6268318
6266929
6222991
6197344
6204959
6219945
6192201
6192533
6176851
6176897
6183141
6171460
6155411
6175096
6175727
6170691
6173886
6209386
6275839
6257617
6233685
6215511
6206865
6215082
6205229
6202718
6206992
6192957
6186322
6193417
6221528
6181812
6182407
6193821
6176380
6223593
6291798
6326653
6272013
6235838
6238205
6224447
6214657
6220024
6216751
6199990
6205464
6209216
6195056
6196719
6198466
6225952
6194748
6248267
6307001
6306726
6292127
6258590
6248217
6233480
6235659
6212473
6215249
6217509
6218095
6230925
6208293
6208898
6217545
6202669
6206766
6285019
6326453
6316064
6315701
6243776
6250802
6256241
6231337
6233272
6230953
6223110
6196932
6220071
6219425
6206108
6210935
6209527
6238135
6326307
6333818
6343242
6331789
6268084
6270696
6271403
6297064
6245690
6238522
6254565
6238674
6229306
6239278
6245274
6221195
6225119
6269354
6325276
6347117
6339402
6316009
6275649
6270322
6242342
6258641
6251005
6250222
6245151
6236710
6246222
6221608
6228951
6233562
6237498
6272937
6335947
6351194
6321100
6300845
6274880
6263621
6264286
6262330
6249491
6277295
6243610
6250404
6244641
6232912
6240331
6227426
6218665
6258882
6335708
6347463
6334585
6310743
6276625
6308739
6271528
6274424
6257884
6251976
6259484
6245674
6238048
6244871
6247831
6232900
6240055
6251292
6329082
6371650
6337110
6324486
6296199
6277296
6282903
6277870
6291794
6261037
6255206
6254697
6250429
6249107
6245632
6267695
6241663
6248942
6240956
6235221
6243070
6229421
6211593
6278734
6329610
6301580
6271780
6261066
6272675
6286071
6259311
6262693
6238810
6243482
6250192
6245638
6217304
6240607
6241995
6237736
6239012
6233665
6243795
6231013
6307216
6328565
6275945
6270183
6264441
6269741
6240011
6262230
6255721
6257722
6253888
6245082
6255092
6221241
6241475
6246134
6247898
6267718
6236964
6235339
6247211
6232618
6236714
6292507
6316551
6262593
6256470
6256080
6260224
6258471
6258694
6288470
6244184
6235796
6236999
6232715
6233769
6227224
6262548
6224760
6231542
6224480
6254336
6315555
6296954
6277660
6262144
6259588
6255970
6257946
6251611
6247776
6269165
6241528
6243662
6256476
6233338
6235991
6234557
6257044
6299189
6330679
6317424
6294673
6264100
6273009
6275338
6259201
6259792
6255447
6246369
6251873
6253390
6260261
6241787
6244529
6259604
6306521
6349662
6356659
6333954
6284107
6291196
6254542
6272938
6274422
6256151
6260530
6260537
6263044
6272085
6255226
6246829
6262346
6261822
6307478
6374441
6352258
6362244
6326849
6299082
6303549
6302023
6292095
6263633
6282082
6282847
6271306
6275455
6276430
6271497
6302619
6283022
6366022
6412743
6394317
6387750
6348020
6367331
6320589
6313057
6322005
6303036
6293242
6306811
6295968
6284595
6292460
6257898
6279474
6335956
6403652
6416979
6423292
6381164
6349382
6346451
6335875
6336241
6320487
6306969
6317206
6306872
6296529
6304937
6268783
6287507
6298468
6345936
6414677
6429846
6433687
6407966
6360795
6353700
6360270
6336154
6322994
6335480
6323280
6311360
6319486
6285340
6303386
6308689
6298435
6372229
6432911
6425777
6411174
6384021
6363210
6362474
6353512
6337691
6342412
6333102
6324655
6330212
6296162
6312858
6318597
6303865
6314851
6387812
6435752
6414487
6433447
6381339
6376087
6363934
6354520
6353326
6343872
6332698
6339386
6304682
6322123
6325598
6315332
6316678
6311435
6365894
6440489
6434697
6420269
6391653
6362422
6355891
6359398
6340710
6330985
6339914
6319834
6321120
6326362
6324011
6314306
6318735
6314552
6377772
6429709
6428938
6436270
6410698
6356659
6363677
6363514
6337830
6341292
6341529
6359025
6327187
6319150
6326019
6313589
6313554
6311104
6374019
6411551
6434917
6433962
6385037
6359557
6368364
6395953
6349101
6338574
6348452
6335584
6331775
6331247
6351015
6321831
6324197
6332654
6320553
6388104
6443704
6464538
6403681
6363705
6371334
6360309
6351667
6358584
6342375
6333058
6342510
6304441
6322974
6331247
6314406
6321105
6317627
6374095
6436193
6425195
6408537
6381852
6360754
6355511
6361570
6345458
6333901
6344057
6321710
6327647
6332140
6323882
6297679
6320624
6321329
6353298
6411656
6423151
6416498
6371620
6348349
6363278
6338666
6339902
6339402
6327558
6301741
6324772
6328712
6320592
6319611
6312251
6325445
6290987
6362873
6415609
6385737
6366723
6337258
6331055
6308176
6319015
6313929
6305167
6295062
6279329
6293976
6261793
6272869
6279923
6280346
6299298
6299362
6362193
6382948
6337042
6294800
6285491
6273817
6257350
6249844
6255080
6231008
6236342
6233616
6203916
6230046
6223006
6233495
6246040
6233388
6299912
6322561
6290919
6271752
6244336
6238935
6253265
6247630
6245027
6235734
6228161
6231527
6238739
6217305
6222199
6210142
6198112
6233840
6296395
6324592
6292182
6256846
6252389
6253552
6242572
6236374
6223688
6236487
6216292
6216383
6212357
6211317
6201136
6207251
6217856
6227933
6299330
6301840
6290136
6249560
6234254
6228817
6230605
6218047
6225034
6222330
6211120
6209303
6201670
6208176
6197332
6194574
6191046
6241629
6288315
6296099
6269766
6232301
6222575
6224018
6247780
6206076
6206444
6189215
6190338
6173732
6180188
6179262
6151719
6147173
6143544
6201917
6256938
6242248
6228736
6196798
6179527
6177740
6174662
6155555
6161543
6157773
6138061
6154558
6146668
6154845
6160457
6140613
6197037
6252388
6262799
6261442
6232055
6202713
6201385
6186421
6191051
6210263
6169519
6171155
6152026
6158216
6163366
6161106
6162238
6170071
6243886
6286050
6310863
6275688
6244552
6238418
6228975
6231167
6214586
6185808
6210097
6212172
6205403
6209912
6204008
6212532
6222835
6256775
6332681
6342297
6367699
6297268
6274678
6278070
6260031
6257065
6249736
6277306
6245093
6249934
6229692
6233524
6236865
6226895
6216879
6320003
6358143
6354571
6332575
6294858
6299326
6287787
6266725
6269346
6245960
6253911
6255825
6252985
6248894
6249353
6238632
6266047
6356266
6374100
6381531
6365114
6336836
6325679
6313621
6314513
6293024
6292365
6300315
6285824
6278400
6286982
6286716
6266459
6273476
6339372
6393695
6400035
6398789
6378613
6336333
6334538
6337059
6315362
6300805
6313764
6303629
6288523
6292931
6299542
6285802
6285218
6318840
6424103
6403563
6395691
6385983
6333137
6328807
6337202
6320164
6305639
6313957
6277659
6296019
6300094
6292697
6300284
6286951
6291610
6362370
6404856
6396732
6397538
6341890
6329533
6340038
6315408
6311232
6315923
6297051
6300077
6304675
6291973
6269021
6292022
6294537
6297951
6373233
6403867
6398557
6375042
6325842
6342730
6328004
6319004
6318472
6304583
6304470
6306838
6305017
6292837
6300947
6295567
6303773
6317746
6397143
6411398
6379864
6345695
6339897
6326713
6309117
6322841
6317632
6304426
6310990
6312389
6306970
6341508
6301969
6306178
6320355
6358597
6414559
6406885
6418045
6338741
6344001
6349224
6333318
6324107
6328749
6319285
6313015
6321011
6305667
6303519
6313659
6293695
6313513
6384746
6414941
6375595
6363213
6340394
6335400
6340771
6338111
6326366
6356854
6321644
6326421
6333184
6311532
6321072
6321570
6351569
6335707
6403554
6428509
6389324
6359446
6347235
6348106
6344455
6342417
6350016
6325036
6335354
6333492
6316661
6325547
6326597
6330211
6318100
6362827
6425786
6423190
6398183
6373732
6359391
6354019
6359394
6360022
6334435
6343982
6346330
6326850
6333775
6333778
6344424
6325014
6329385
6408747
6443539
6428238
6422781
6366438
6364235
